#Records[
[0.0, 0.0, 0.0, 0.0, 0.0, 0.0, 0.0, ]
[0.0, 0.0, 0.0, 0.0, 0.0, 0.0, 0.0, ]
[0.0, 0.0, 0.0, 0.0, 0.0, 0.0, 0.0, ]
[0.0, 0.0, 0.0, 0.0, 0.0, 0.0, 0.0, ]
[0.0, 0.0, 0.0, 0.0, 0.0, 0.0, 0.0, ]
[-1.0, -1.0, -1.0, 0.0, 0.0, 19.999999999999908, -1.0, ]
[0.0, 0.0, 0.0, 0.0, 0.0, 0.0, 0.0, ]]

[
[19.999999999999908, 18.99999999999991, 18.99999999999991, 17.99999999999991, 17.99999999999991, 17.99999999999991, 16.099999999999916, ]
[18.99999999999991, 19.999999999999908, 18.99999999999991, 17.99999999999991, 17.99999999999991, 17.99999999999991, 16.099999999999916, ]
[18.99999999999991, 18.99999999999991, 19.999999999999908, 17.99999999999991, 17.99999999999991, 17.99999999999991, 16.099999999999916, ]
[17.99999999999991, 17.99999999999991, 17.99999999999991, 19.999999999999908, 18.99999999999991, 18.99999999999991, 16.099999999999916, ]
[17.99999999999991, 17.99999999999991, 17.99999999999991, 18.99999999999991, 19.999999999999908, 18.99999999999991, 16.099999999999916, ]
[17.99999999999991, 17.99999999999991, 17.99999999999991, 18.99999999999991, 18.99999999999991, 19.999999999999908, 16.099999999999916, ]
[17.99999999999991, 17.99999999999991, 17.99999999999991, 17.99999999999991, 17.99999999999991, 17.99999999999991, 17.599999999999916, ]]

Fri May 29 12:51:09 2020)
[ [ 20.000,  19.000,  19.000,  18.000,  18.000,  18.000,  16.100, ]
 [ 19.000,  20.000,  19.000,  18.000,  18.000,  18.000,  16.100, ]
 [ 19.000,  19.000,  20.000,  18.000,  18.000,  18.000,  16.100, ]
 [ 18.000,  18.000,  18.000,  20.000,  19.000,  19.000,  16.100, ]
 [ 18.000,  18.000,  18.000,  19.000,  20.000,  19.000,  16.100, ]
 [ 18.000,  18.000,  18.000,  19.000,  19.000,  20.000,  16.100, ]
 [ 18.000,  18.000,  18.000,  17.999,  17.047,  17.997,  17.600, ]
]
Average speed = 22.5m/s
Seconds = 945.06902504
Minutes = 15.7511504173
Distance = 21260.9978342m

Fri May 29 13:49:46 2020)
[ [ 20.000,  19.000,  19.000,  18.000,  18.000,  18.000,  16.100,  -1.000,  1.000, ]
 [ 19.000,  20.000,  19.000,  18.000,  18.000,  18.000,  16.100,  -1.000,  0.000, ]
 [ 19.000,  19.000,  20.000,  18.000,  18.000,  18.000,  16.100,  1.000,  -1.000, ]
 [ 18.000,  18.000,  18.000,  20.000,  19.000,  19.000,  16.100,  1.000,  -1.000, ]
 [ 18.000,  18.000,  18.000,  19.000,  20.000,  19.000,  16.100,  -1.000,  0.000, ]
 [ 18.000,  18.000,  18.000,  19.000,  19.000,  20.000,  16.100,  -1.000,  1.000, ]
 [ 18.000,  18.000,  18.000,  18.000,  18.000,  18.000,  17.600,  -1.000,  -1.000, ]
 [ 0.000,  0.000,  0.000,  0.000,  0.000,  0.000,  0.000,  0.000,  0.000, ]
 [ 0.000,  0.000,  0.000,  0.000,  0.000,  0.000,  0.000,  0.000,  0.000, ]
]
Average speed = 22.5m/s
Seconds = 3402.64610004
Minutes = 56.7107683341
Distance = 76557.0239353m

Fri May 29 13:57:07 2020)
[ [ 20.000,  19.000,  19.000,  18.000,  18.000,  18.000,  -1.000,  -1.000,  1.000, ]
 [ 19.000,  20.000,  19.000,  18.000,  18.000,  18.000,  -1.000,  -1.000,  0.000, ]
 [ 19.000,  19.000,  20.000,  18.000,  18.000,  18.000,  -1.000,  2.000,  -1.000, ]
 [ 18.000,  18.000,  18.000,  20.000,  19.000,  19.000,  -1.000,  2.000,  -1.000, ]
 [ 18.000,  18.000,  18.000,  19.000,  20.000,  19.000,  -1.000,  -1.000,  0.000, ]
 [ 18.000,  18.000,  18.000,  19.000,  19.000,  20.000,  -1.000,  -1.000,  1.000, ]
 [ 0.000,  0.000,  0.000,  0.000,  0.000,  0.000,  0.000,  0.000,  0.000, ]
 [ 0.000,  0.000,  0.000,  0.000,  0.000,  0.000,  0.000,  0.000,  0.000, ]
 [ 0.000,  0.000,  0.000,  0.000,  0.000,  0.000,  0.000,  0.000,  0.000, ]
]
Average speed = 22.5m/s
Seconds = 46.574723959
Minutes = 0.776245399316
Distance = 1044.13985789m

Fri May 29 15:14:18 2020)
[ [ 17.030,  17.035,  16.459,  17.598,  17.150,  16.894,  -1.000,  -1.000,  -1.000,  -1.000,  -0.998,  -0.992,  -0.992,  -1.000,  0.998,  0.000,  12.934,  14.402,  -0.800,  7.550,  -1.000, ]
 [ 16.093,  17.937,  17.066,  17.727,  17.113,  16.637,  -1.000,  0.000,  0.000,  0.000,  -1.000,  -1.000,  -1.000,  -1.000,  0.000,  0.000,  13.473,  14.400,  14.544,  9.678,  -1.000, ]
 [ 13.927,  17.037,  17.971,  17.711,  16.960,  17.170,  -1.000,  1.000,  0.000,  0.000,  -1.000,  -1.000,  -1.000,  -1.000,  1.000,  0.000,  13.472,  14.517,  14.959,  9.678,  -1.000, ]
 [ 15.718,  16.040,  16.072,  19.905,  18.250,  18.329,  -1.000,  1.000,  0.000,  0.000,  -1.000,  -1.000,  -1.000,  -1.000,  1.000,  0.000,  13.473,  15.682,  15.089,  9.678,  -1.000, ]
 [ 15.718,  16.040,  16.072,  18.846,  19.210,  18.322,  -1.000,  0.000,  0.000,  0.000,  -1.000,  -1.000,  -1.000,  -1.000,  0.000,  0.000,  13.473,  14.518,  15.089,  9.678,  -1.000, ]
 [ 15.184,  16.040,  16.066,  18.840,  18.149,  19.293,  -1.000,  -1.000,  -1.000,  -1.000,  -1.000,  -1.000,  -1.000,  -1.000,  1.000,  0.000,  13.473,  14.518,  15.089,  9.678,  -1.000, ]
 [ 0.000,  0.000,  0.000,  0.000,  0.000,  0.000,  0.000,  0.000,  0.000,  0.000,  0.000,  0.000,  0.000,  0.000,  0.000,  0.000,  0.000,  0.000,  0.000,  0.000,  0.000, ]
 [ 0.000,  0.000,  0.000,  0.000,  0.000,  0.000,  0.000,  0.000,  0.000,  0.000,  0.000,  0.000,  0.000,  0.000,  0.000,  0.000,  0.000,  0.000,  0.000,  0.000,  0.000, ]
 [ 0.000,  0.000,  0.000,  0.000,  0.000,  0.000,  0.000,  0.000,  0.000,  0.000,  0.000,  0.000,  0.000,  0.000,  0.000,  0.000,  0.000,  0.000,  0.000,  0.000,  0.000, ]
 [ 0.000,  0.000,  0.000,  0.000,  0.000,  0.000,  0.000,  0.000,  0.000,  0.000,  0.000,  0.000,  0.000,  0.000,  0.000,  0.000,  0.000,  0.000,  0.000,  0.000,  0.000, ]
 [ 0.000,  0.000,  0.000,  0.000,  0.000,  0.000,  0.000,  0.000,  0.000,  0.000,  0.000,  0.000,  0.000,  0.000,  0.000,  0.000,  0.000,  0.000,  0.000,  0.000,  0.000, ]
 [ 0.000,  0.000,  0.000,  0.000,  0.000,  0.000,  0.000,  0.000,  0.000,  0.000,  0.000,  0.000,  0.000,  0.000,  0.000,  0.000,  0.000,  0.000,  0.000,  0.000,  0.000, ]
 [ 0.000,  0.000,  0.000,  0.000,  0.000,  0.000,  0.000,  0.000,  0.000,  0.000,  0.000,  0.000,  0.000,  0.000,  0.000,  0.000,  0.000,  0.000,  0.000,  0.000,  0.000, ]
 [ 0.000,  0.000,  0.000,  0.000,  0.000,  0.000,  0.000,  0.000,  0.000,  0.000,  0.000,  0.000,  0.000,  0.000,  0.000,  0.000,  0.000,  0.000,  0.000,  0.000,  0.000, ]
 [ 0.000,  0.000,  0.000,  0.000,  0.000,  0.000,  0.000,  0.000,  0.000,  0.000,  0.000,  0.000,  0.000,  0.000,  0.000,  0.000,  0.000,  0.000,  0.000,  0.000,  0.000, ]
 [ 0.000,  0.000,  0.000,  0.000,  0.000,  0.000,  0.000,  0.000,  0.000,  0.000,  0.000,  -0.800,  0.000,  -0.800,  0.000,  0.000,  0.000,  0.000,  0.000,  0.000,  0.000, ]
 [ 0.000,  0.000,  0.000,  14.182,  0.000,  0.000,  0.000,  0.000,  0.000,  0.000,  0.000,  0.000,  0.000,  0.000,  0.800,  0.000,  0.000,  0.000,  0.000,  0.000,  0.000, ]
 [ 14.555,  12.332,  13.589,  0.000,  17.867,  17.459,  -0.800,  0.000,  0.000,  0.000,  -0.960,  0.000,  -0.992,  -0.960,  0.998,  0.000,  0.000,  9.090,  0.000,  7.582,  -0.992, ]
 [ 0.000,  0.000,  12.858,  0.000,  0.000,  16.935,  -0.992,  0.000,  0.000,  0.000,  -0.992,  -1.000,  -0.800,  0.000,  0.000,  0.000,  0.000,  0.000,  9.737,  7.582,  0.000, ]
 [ 0.000,  11.240,  -0.800,  0.000,  0.000,  0.000,  -0.800,  0.000,  -0.800,  -0.800,  -0.800,  -0.800,  -0.800,  0.000,  0.000,  0.000,  10.778,  0.000,  -0.800,  7.742,  0.000, ]
 [ 0.000,  0.000,  0.000,  0.000,  0.000,  0.000,  0.000,  0.000,  0.000,  0.000,  0.000,  0.000,  0.000,  0.000,  0.000,  0.000,  0.000,  0.000,  0.000,  0.000,  0.000, ]
]
Average speed = 0.139393939394m/s
Seconds = 19.323925972
Minutes = 0.322065432866
Distance = 440.368789673m

Fri May 29 15:45:41 2020)
[ [ 20.000,  19.000,  19.000,  18.000,  18.000,  18.000,  -1.000,  -1.000,  -1.000,  -1.000,  -1.000,  -1.000,  -1.000,  -1.000,  19.050,  19.000,  19.000,  18.000,  18.000,  18.000,  -1.000, ]
 [ 19.000,  20.000,  19.000,  18.000,  18.000,  18.000,  -1.000,  0.000,  0.000,  0.000,  -1.000,  -1.000,  -1.000,  -1.000,  18.050,  19.000,  19.000,  18.000,  18.000,  18.000,  -1.000, ]
 [ 19.000,  19.000,  20.000,  18.000,  18.000,  18.000,  -1.000,  1.000,  0.000,  0.000,  -1.000,  -1.000,  -1.000,  -1.000,  19.050,  19.000,  19.000,  18.000,  18.000,  18.000,  -1.000, ]
 [ 18.000,  18.000,  18.000,  20.000,  19.000,  19.000,  -1.000,  1.000,  0.000,  0.000,  -1.000,  -1.000,  -1.000,  -1.000,  19.050,  19.000,  19.000,  18.000,  18.000,  18.000,  -1.000, ]
 [ 18.000,  18.000,  18.000,  19.000,  20.000,  19.000,  -1.000,  0.000,  0.000,  0.000,  -1.000,  -1.000,  -1.000,  -1.000,  18.050,  19.000,  19.000,  18.000,  18.000,  18.000,  -1.000, ]
 [ 18.000,  18.000,  18.000,  19.000,  19.000,  20.000,  -1.000,  -1.000,  -1.000,  -1.000,  -1.000,  -1.000,  -1.000,  -1.000,  19.050,  19.000,  19.000,  18.000,  18.000,  18.000,  -1.000, ]
 [ 0.000,  0.000,  0.000,  0.000,  0.000,  0.000,  0.000,  0.000,  0.000,  0.000,  0.000,  0.000,  0.000,  0.000,  0.000,  0.000,  0.000,  0.000,  0.000,  0.000,  0.000, ]
 [ 0.000,  0.000,  0.000,  0.000,  0.000,  0.000,  0.000,  0.000,  0.000,  0.000,  0.000,  0.000,  0.000,  0.000,  0.000,  0.000,  0.000,  0.000,  0.000,  0.000,  0.000, ]
 [ 0.000,  0.000,  0.000,  0.000,  0.000,  0.000,  0.000,  0.000,  0.000,  0.000,  0.000,  0.000,  0.000,  0.000,  0.000,  0.000,  0.000,  0.000,  0.000,  0.000,  0.000, ]
 [ 0.000,  0.000,  0.000,  0.000,  0.000,  0.000,  0.000,  0.000,  0.000,  0.000,  0.000,  0.000,  0.000,  0.000,  0.000,  0.000,  0.000,  0.000,  0.000,  0.000,  0.000, ]
 [ 0.000,  0.000,  0.000,  0.000,  0.000,  0.000,  0.000,  0.000,  0.000,  0.000,  0.000,  0.000,  0.000,  0.000,  0.000,  0.000,  0.000,  0.000,  0.000,  0.000,  0.000, ]
 [ 0.000,  0.000,  0.000,  0.000,  0.000,  0.000,  0.000,  0.000,  0.000,  0.000,  0.000,  0.000,  0.000,  0.000,  0.000,  0.000,  0.000,  0.000,  0.000,  0.000,  0.000, ]
 [ 0.000,  0.000,  0.000,  0.000,  0.000,  0.000,  0.000,  0.000,  0.000,  0.000,  0.000,  0.000,  0.000,  0.000,  0.000,  0.000,  0.000,  0.000,  0.000,  0.000,  0.000, ]
 [ 0.000,  0.000,  0.000,  0.000,  0.000,  0.000,  0.000,  0.000,  0.000,  0.000,  0.000,  0.000,  0.000,  0.000,  0.000,  0.000,  0.000,  0.000,  0.000,  0.000,  0.000, ]
 [ 15.847,  15.200,  19.000,  17.805,  0.000,  14.400,  -0.800,  -0.960,  0.000,  0.000,  -0.800,  -0.998,  -0.992,  0.000,  0.000,  0.000,  0.000,  13.548,  17.970,  14.400,  -0.960, ]
 [ 15.200,  20.000,  15.200,  13.122,  17.856,  17.280,  -0.960,  0.000,  0.000,  0.000,  -0.992,  -0.998,  0.000,  -0.960,  17.328,  18.999,  18.810,  0.000,  16.949,  17.815,  -0.960, ]
 [ 19.000,  19.000,  20.000,  18.000,  18.000,  18.000,  -1.000,  1.000,  0.000,  0.000,  -1.000,  -1.000,  -1.000,  -1.000,  19.047,  19.000,  19.000,  17.992,  18.000,  18.000,  -1.000, ]
 [ 18.000,  17.999,  18.000,  20.000,  19.000,  19.000,  -1.000,  1.000,  0.000,  0.000,  -1.000,  -1.000,  -1.000,  -1.000,  19.050,  19.000,  19.000,  18.000,  18.000,  18.000,  -1.000, ]
 [ 17.969,  17.967,  18.000,  18.967,  20.000,  15.200,  -0.960,  0.000,  0.000,  0.000,  -0.998,  -0.992,  -0.800,  -0.960,  17.548,  17.526,  18.240,  17.795,  16.299,  17.787,  -0.960, ]
 [ 17.115,  17.949,  17.971,  18.848,  0.000,  20.000,  -0.800,  -0.998,  -0.992,  -0.998,  -0.998,  -0.800,  -0.960,  -0.960,  12.258,  18.940,  15.200,  16.786,  17.924,  16.904,  0.000, ]
 [ 0.000,  0.000,  0.000,  0.000,  0.000,  0.000,  0.000,  0.000,  0.000,  0.000,  0.000,  0.000,  0.000,  0.000,  0.000,  0.000,  0.000,  0.000,  0.000,  0.000,  0.000, ]
]
Average speed = 0.00702341137124m/s
Seconds = 1578.68351102
Minutes = 26.3113918503
Distance = 33149.791141m