

Wed Jun  3 17:22:36 2020)
[ [ 0.000,  0.000,  0.000,  0.000,  0.000,  0.000, ]
 [ 0.000,  0.000,  0.000,  0.000,  0.000,  0.000, ]
 [ 0.000,  0.000,  0.000,  0.000,  0.000,  0.000, ]
 [ 0.000,  0.000,  0.000,  0.000,  0.000,  0.000, ]
 [ 0.000,  0.000,  0.000,  0.000,  0.000,  0.000, ]
 [ 0.000,  0.000,  0.000,  0.000,  0.000,  0.000, ]
]
Average speed = 22.5m/s
Seconds = 0.00841689109802
Minutes = 0.0001402815183
Distance = 0.187491774559m

Wed Jun  3 17:23:06 2020)
[ [ 0.000,  0.000,  0.000,  0.000,  0.000,  0.000, ]
 [ 0.000,  0.000,  0.000,  0.000,  0.000,  0.000, ]
 [ 0.000,  0.000,  0.000,  0.000,  0.000,  0.000, ]
 [ 0.000,  0.000,  0.000,  0.000,  0.000,  0.000, ]
 [ 0.000,  0.000,  0.000,  0.000,  0.000,  0.000, ]
 [ 0.000,  0.000,  0.000,  0.000,  0.000,  0.000, ]
]
Average speed = 22.5m/s
Seconds = 0.0668160915375
Minutes = 0.00111360152562
Distance = 1.50207996368m

Wed Jun  3 17:27:00 2020)
[ [ 0.000,  0.000,  0.000,  0.000,  0.000,  0.000, ]
 [ 0.000,  0.000,  0.000,  0.000,  0.000,  0.000, ]
 [ 0.000,  0.000,  0.000,  0.000,  0.000,  0.000, ]
 [ 0.000,  0.000,  0.000,  0.000,  0.000,  0.000, ]
 [ 0.000,  0.000,  0.000,  0.000,  0.000,  0.000, ]
 [ 0.000,  0.000,  0.000,  0.000,  0.000,  0.000, ]
]
Average speed = 22.5m/s
Seconds = 0.0251929759979
Minutes = 0.000419882933299
Distance = 0.565806627274m

Wed Jun  3 17:28:19 2020)
[ [ 0.000,  0.000,  0.000,  0.000,  0.000,  0.000, ]
 [ 0.000,  0.000,  0.000,  0.000,  0.000,  0.000, ]
 [ 0.000,  0.000,  0.000,  0.000,  0.000,  0.000, ]
 [ 0.000,  0.000,  0.000,  0.000,  0.000,  0.000, ]
 [ 0.000,  0.000,  0.000,  0.000,  0.000,  0.000, ]
 [ 0.000,  0.000,  0.000,  0.000,  0.000,  0.000, ]
]
Average speed = 22.5m/s
Seconds = 0.042690038681
Minutes = 0.000711500644684
Distance = 0.959517359734m

Wed Jun  3 17:29:09 2020)
[ [ 0.000,  0.000,  0.000,  0.000,  0.000,  0.000, ]
 [ 0.000,  0.000,  0.000,  0.000,  0.000,  0.000, ]
 [ 0.000,  0.000,  0.000,  0.000,  0.000,  0.000, ]
 [ 0.000,  0.000,  0.000,  0.000,  0.000,  0.000, ]
 [ 0.000,  0.000,  0.000,  0.000,  0.000,  0.000, ]
 [ 0.000,  0.000,  0.000,  0.000,  0.000,  0.000, ]
]
Average speed = 22.5m/s
Seconds = 0.0220420360565
Minutes = 0.000367367267609
Distance = 0.494728088379m

Wed Jun  3 17:29:47 2020)
[ [ 0.000,  0.000,  0.000,  0.000,  0.000,  0.000, ]
 [ 31.872,  11.906,  24.922,  38.857,  35.910,  37.144, ]
 [ 0.000,  0.000,  0.000,  0.000,  0.000,  0.000, ]
 [ 0.000,  0.000,  0.000,  0.000,  0.000,  0.000, ]
 [ 0.000,  0.000,  0.000,  0.000,  0.000,  0.000, ]
 [ 0.000,  0.000,  0.000,  0.000,  0.000,  0.000, ]
]
Average speed = 22.5m/s
Seconds = 0.0312020778656
Minutes = 0.000520034631093
Distance = 0.695207118988m

Wed Jun  3 17:33:34 2020)
[ [ 0.000,  0.000,  0.000,  0.000,  0.000,  0.000, ]
 [ 100.000,  100.000,  100.000,  100.000,  100.000,  100.000, ]
 [ 0.000,  0.000,  0.000,  0.000,  0.000,  0.000, ]
 [ 0.000,  0.000,  0.000,  0.000,  0.000,  0.000, ]
 [ 0.000,  0.000,  0.000,  0.000,  0.000,  0.000, ]
 [ 0.000,  0.000,  0.000,  0.000,  0.000,  0.000, ]
]
Average speed = 22.5m/s
Seconds = 6.19502997398
Minutes = 0.103250499566
Distance = 139.386758208m

Wed Jun  3 17:43:43 2020)
[ [ 0.000,  0.000,  0.000,  0.000,  0.000,  0.000, ]
 [ 100.000,  100.000,  100.000,  100.000,  100.000,  100.000, ]
 [ 0.000,  0.000,  0.000,  0.000,  0.000,  0.000, ]
 [ 0.000,  0.000,  0.000,  0.000,  0.000,  0.000, ]
 [ 0.000,  0.000,  0.000,  0.000,  0.000,  0.000, ]
 [ 0.000,  0.000,  0.000,  0.000,  0.000,  0.000, ]
]
Average speed = 22.5m/s
Seconds = 42.8911738396
Minutes = 0.714852897326
Distance = 965.046797991m

Wed Jun  3 17:44:46 2020)
[ [ 0.000,  0.000,  0.000,  0.000,  0.000,  0.000, ]
 [ 100.000,  100.000,  100.000,  100.000,  100.000,  100.000, ]
 [ 0.000,  0.000,  0.000,  0.000,  0.000,  0.000, ]
 [ 0.000,  0.000,  0.000,  0.000,  0.000,  0.000, ]
 [ 0.000,  0.000,  0.000,  0.000,  0.000,  0.000, ]
 [ 0.000,  0.000,  0.000,  0.000,  0.000,  0.000, ]
]
Average speed = 22.5m/s
Seconds = 9.2169649601
Minutes = 0.153616082668
Distance = 207.380161285m

Wed Jun  3 17:45:24 2020)
[ [ 0.000,  0.000,  0.000,  0.000,  0.000,  0.000, ]
 [ 100.000,  100.000,  100.000,  100.000,  100.000,  100.000, ]
 [ 0.000,  0.000,  0.000,  0.000,  0.000,  0.000, ]
 [ 0.000,  0.000,  0.000,  0.000,  0.000,  0.000, ]
 [ 0.000,  0.000,  0.000,  0.000,  0.000,  0.000, ]
 [ 0.000,  0.000,  0.000,  0.000,  0.000,  0.000, ]
]
Average speed = 22.5m/s
Seconds = 11.9020738602
Minutes = 0.198367897669
Distance = 267.795336843m

Wed Jun  3 17:47:27 2020)
[ [ 0.000,  0.000,  0.000,  0.000,  0.000,  0.000, ]
 [ 100.000,  100.000,  100.000,  100.000,  100.000,  100.000, ]
 [ 0.000,  0.000,  0.000,  0.000,  0.000,  0.000, ]
 [ 0.000,  0.000,  0.000,  0.000,  0.000,  0.000, ]
 [ 0.000,  0.000,  0.000,  0.000,  0.000,  0.000, ]
 [ 0.000,  0.000,  0.000,  0.000,  0.000,  0.000, ]
]
Average speed = 22.5m/s
Seconds = 35.9288330078
Minutes = 0.598813883464
Distance = 808.396559358m

Wed Jun  3 17:55:57 2020)
[ [ 0.000,  0.000,  0.000,  0.000,  0.000,  0.000, ]
 [ 100.000,  100.000,  100.000,  100.000,  100.000,  100.000, ]
 [ 0.000,  0.000,  0.000,  0.000,  0.000,  0.000, ]
 [ 0.000,  0.000,  0.000,  0.000,  0.000,  0.000, ]
 [ 0.000,  0.000,  0.000,  0.000,  0.000,  0.000, ]
 [ 0.000,  0.000,  0.000,  0.000,  0.000,  0.000, ]
]
Average speed = 22.5m/s
Seconds = 11.2547609806
Minutes = 0.187579349677
Distance = 253.230550289m

Thu Jun  4 08:16:55 2020)
[ [ 0.000,  0.000,  0.000,  0.000,  0.000,  0.000, ]
 [ 100.000,  100.000,  100.000,  100.000,  100.000,  100.000, ]
 [ 0.000,  0.000,  0.000,  0.000,  0.000,  0.000, ]
 [ 0.000,  0.000,  0.000,  0.000,  0.000,  0.000, ]
 [ 0.000,  0.000,  0.000,  0.000,  0.000,  0.000, ]
 [ 0.000,  0.000,  0.000,  0.000,  0.000,  0.000, ]
]
Average speed = 22.5m/s
Seconds = 10.6957998276
Minutes = 0.17826333046
Distance = 240.651853681m

Thu Jun  4 08:31:09 2020)
[ [ 0.000,  0.000,  0.000,  0.000,  0.000,  0.000,  0.000, ]
 [ 100.000,  100.000,  100.000,  100.000,  100.000,  100.000,  100.000, ]
 [ 0.000,  0.000,  0.000,  0.000,  0.000,  0.000,  0.000, ]
 [ 0.000,  0.000,  0.000,  0.000,  0.000,  0.000,  0.000, ]
 [ 0.000,  0.000,  0.000,  0.000,  0.000,  0.000,  0.000, ]
 [ 0.000,  0.000,  0.000,  0.000,  0.000,  0.000,  0.000, ]
]
Average speed = 22.5m/s
Seconds = 18.7820100784
Minutes = 0.313033501307
Distance = 422.588816285m

Thu Jun  4 08:31:29 2020)
[ [ 0.000,  0.000,  0.000,  0.000,  0.000,  0.000,  0.000, ]
 [ 100.000,  100.000,  100.000,  100.000,  100.000,  100.000,  100.000, ]
 [ 0.000,  0.000,  0.000,  0.000,  0.000,  0.000,  0.000, ]
 [ 0.000,  0.000,  0.000,  0.000,  0.000,  0.000,  0.000, ]
 [ 0.000,  0.000,  0.000,  0.000,  0.000,  0.000,  0.000, ]
 [ 0.000,  0.000,  0.000,  0.000,  0.000,  0.000,  0.000, ]
]
Average speed = 22.5m/s
Seconds = 6.56295013428
Minutes = 0.109382502238
Distance = 147.664012313m

Thu Jun  4 08:33:04 2020)
[ [ 0.000,  0.000,  0.000,  0.000,  0.000,  0.000,  0.000, ]
 [ 100.000,  100.000,  100.000,  100.000,  100.000,  100.000,  100.000, ]
 [ 0.000,  0.000,  0.000,  0.000,  0.000,  0.000,  0.000, ]
 [ 0.000,  0.000,  0.000,  0.000,  0.000,  0.000,  0.000, ]
 [ 0.000,  0.000,  0.000,  0.000,  0.000,  0.000,  0.000, ]
 [ 0.000,  0.000,  0.000,  0.000,  0.000,  0.000,  0.000, ]
]
Average speed = 22.5m/s
Seconds = 6.96632003784
Minutes = 0.116105333964
Distance = 156.740806103m

Thu Jun  4 08:33:29 2020)
[ [ 0.000,  0.000,  0.000,  0.000,  0.000,  0.000,  0.000, ]
 [ 100.000,  100.000,  100.000,  100.000,  100.000,  100.000,  100.000, ]
 [ 0.000,  0.000,  0.000,  0.000,  0.000,  0.000,  0.000, ]
 [ 0.000,  0.000,  0.000,  0.000,  0.000,  0.000,  0.000, ]
 [ 0.000,  0.000,  0.000,  0.000,  0.000,  0.000,  0.000, ]
 [ 0.000,  0.000,  0.000,  0.000,  0.000,  0.000,  0.000, ]
]
Average speed = 22.5m/s
Seconds = 13.3675160408
Minutes = 0.222791934013
Distance = 300.767780542m

Thu Jun  4 08:34:20 2020)
[ [ 0.000,  0.000,  0.000,  0.000,  0.000,  0.000,  0.000, ]
 [ 100.000,  100.000,  100.000,  100.000,  100.000,  100.000,  100.000, ]
 [ 0.000,  0.000,  0.000,  0.000,  0.000,  0.000,  0.000, ]
 [ 0.000,  0.000,  0.000,  0.000,  0.000,  0.000,  0.000, ]
 [ 0.000,  0.000,  0.000,  0.000,  0.000,  0.000,  0.000, ]
 [ 0.000,  0.000,  0.000,  0.000,  0.000,  0.000,  0.000, ]
]
Average speed = 22.5m/s
Seconds = 8.46396994591
Minutes = 0.141066165765
Distance = 190.435541868m

Thu Jun  4 08:35:17 2020)
[ [ 0.000,  0.000,  0.000,  0.000,  0.000,  0.000,  0.000, ]
 [ 100.000,  100.000,  100.000,  100.000,  100.000,  100.000,  100.000, ]
 [ 0.000,  0.000,  0.000,  0.000,  0.000,  0.000,  0.000, ]
 [ 0.000,  0.000,  0.000,  0.000,  0.000,  0.000,  0.000, ]
 [ 0.000,  0.000,  0.000,  0.000,  0.000,  0.000,  0.000, ]
 [ 0.000,  0.000,  0.000,  0.000,  0.000,  0.000,  0.000, ]
]
Average speed = 22.5m/s
Seconds = 2.20912313461
Minutes = 0.0368187189102
Distance = 49.7026580572m

Thu Jun  4 08:39:56 2020)
[ [ 0.000,  0.000,  0.000,  0.000,  0.000,  0.000,  0.000, ]
 [ 100.000,  100.000,  100.000,  100.000,  100.000,  100.000,  100.000, ]
 [ 0.000,  0.000,  0.000,  0.000,  0.000,  0.000,  0.000, ]
 [ 0.000,  0.000,  0.000,  0.000,  0.000,  0.000,  0.000, ]
 [ 0.000,  0.000,  0.000,  0.000,  0.000,  0.000,  0.000, ]
 [ 0.000,  0.000,  0.000,  0.000,  0.000,  0.000,  0.000, ]
]
Average speed = 22.5m/s
Seconds = 3.3931210041
Minutes = 0.0565520167351
Distance = 76.3433557749m

Thu Jun  4 08:42:40 2020)
[ [ 0.000,  0.000,  0.000,  0.000,  0.000,  0.000,  0.000, ]
 [ 100.000,  100.000,  100.000,  100.000,  100.000,  100.000,  100.000, ]
 [ 0.000,  0.000,  0.000,  0.000,  0.000,  0.000,  0.000, ]
 [ 0.000,  0.000,  0.000,  0.000,  0.000,  0.000,  0.000, ]
 [ 0.000,  0.000,  0.000,  0.000,  0.000,  0.000,  0.000, ]
 [ 0.000,  0.000,  0.000,  0.000,  0.000,  0.000,  0.000, ]
]
Average speed = 22.5m/s
Seconds = 5.36432600021
Minutes = 0.0894054333369
Distance = 120.695940256m

Thu Jun  4 08:43:25 2020)
[ [ 0.000,  0.000,  0.000,  0.000,  0.000,  0.000,  0.000, ]
 [ 100.000,  100.000,  100.000,  100.000,  100.000,  100.000,  100.000, ]
 [ 0.000,  0.000,  0.000,  0.000,  0.000,  0.000,  0.000, ]
 [ 0.000,  0.000,  0.000,  0.000,  0.000,  0.000,  0.000, ]
 [ 0.000,  0.000,  0.000,  0.000,  0.000,  0.000,  0.000, ]
 [ 0.000,  0.000,  0.000,  0.000,  0.000,  0.000,  0.000, ]
]
Average speed = 22.5m/s
Seconds = 2.13562989235
Minutes = 0.0355938315392
Distance = 48.0462491512m

Thu Jun  4 08:46:47 2020)
[ [ 0.000,  0.000,  0.000,  0.000,  0.000,  0.000,  0.000, ]
 [ 100.000,  100.000,  100.000,  100.000,  100.000,  100.000,  100.000, ]
 [ 0.000,  0.000,  0.000,  0.000,  0.000,  0.000,  0.000, ]
 [ 0.000,  0.000,  0.000,  0.000,  0.000,  0.000,  0.000, ]
 [ 0.000,  0.000,  0.000,  0.000,  0.000,  0.000,  0.000, ]
 [ 0.000,  0.000,  0.000,  0.000,  0.000,  0.000,  0.000, ]
]
Average speed = 22.5m/s
Seconds = 3.79324793816
Minutes = 0.0632207989693
Distance = 85.3467965126m

Thu Jun  4 08:48:04 2020)
[ [ 0.000,  0.000,  0.000,  0.000,  0.000,  0.000,  0.000, ]
 [ 100.000,  100.000,  100.000,  100.000,  100.000,  100.000,  100.000, ]
 [ 0.000,  0.000,  0.000,  0.000,  0.000,  0.000,  0.000, ]
 [ 0.000,  0.000,  0.000,  0.000,  0.000,  0.000,  0.000, ]
 [ 0.000,  0.000,  0.000,  0.000,  0.000,  0.000,  0.000, ]
 [ 0.000,  0.000,  0.000,  0.000,  0.000,  0.000,  0.000, ]
]
Average speed = 22.5m/s
Seconds = 4.77659606934
Minutes = 0.0796099344889
Distance = 107.470799088m

Thu Jun  4 08:48:52 2020)
[ [ 0.000,  0.000,  0.000,  0.000,  0.000,  0.000,  0.000, ]
 [ 100.000,  100.000,  100.000,  100.000,  100.000,  100.000,  100.000, ]
 [ 0.000,  0.000,  0.000,  0.000,  0.000,  0.000,  0.000, ]
 [ 0.000,  0.000,  0.000,  0.000,  0.000,  0.000,  0.000, ]
 [ 0.000,  0.000,  0.000,  0.000,  0.000,  0.000,  0.000, ]
 [ 0.000,  0.000,  0.000,  0.000,  0.000,  0.000,  0.000, ]
]
Average speed = 22.5m/s
Seconds = 4.76665997505
Minutes = 0.0794443329175
Distance = 107.248744369m

Thu Jun  4 08:49:25 2020)
[ [ 0.000,  0.000,  0.000,  0.000,  0.000,  0.000,  0.000, ]
 [ 100.000,  100.000,  100.000,  100.000,  100.000,  100.000,  100.000, ]
 [ 0.000,  0.000,  0.000,  0.000,  0.000,  0.000,  0.000, ]
 [ 0.000,  0.000,  0.000,  0.000,  0.000,  0.000,  0.000, ]
 [ 0.000,  0.000,  0.000,  0.000,  0.000,  0.000,  0.000, ]
 [ 0.000,  0.000,  0.000,  0.000,  0.000,  0.000,  0.000, ]
]
Average speed = 22.5m/s
Seconds = 3.84846711159
Minutes = 0.0641411185265
Distance = 86.5771204233m

Thu Jun  4 08:50:29 2020)
[ [ 0.000,  0.000,  0.000,  0.000,  0.000,  0.000,  0.000, ]
 [ 99.935,  99.954,  99.956,  99.950,  99.958,  99.951,  99.960, ]
 [ 0.000,  0.000,  0.000,  0.000,  0.000,  0.000,  0.000, ]
 [ 0.000,  0.000,  0.000,  0.000,  0.000,  0.000,  0.000, ]
 [ 0.000,  0.000,  0.000,  0.000,  0.000,  0.000,  0.000, ]
 [ 0.000,  0.000,  0.000,  0.000,  0.000,  0.000,  0.000, ]
]
Average speed = 22.5m/s
Seconds = 1.37691187859
Minutes = 0.0229485313098
Distance = 30.9785377979m

Thu Jun  4 08:51:02 2020)
[ [ 0.000,  0.000,  0.000,  0.000,  0.000,  0.000,  0.000, ]
 [ 100.000,  100.000,  100.000,  100.000,  100.000,  100.000,  100.000, ]
 [ 0.000,  0.000,  0.000,  0.000,  0.000,  0.000,  0.000, ]
 [ 0.000,  0.000,  0.000,  0.000,  0.000,  0.000,  0.000, ]
 [ 0.000,  0.000,  0.000,  0.000,  0.000,  0.000,  0.000, ]
 [ 0.000,  0.000,  0.000,  0.000,  0.000,  0.000,  0.000, ]
]
Average speed = 22.5m/s
Seconds = 2.54359292984
Minutes = 0.0423932154973
Distance = 57.2292208672m

Thu Jun  4 08:51:57 2020)
[ [ 0.000,  0.000,  0.000,  0.000,  0.000,  0.000,  0.000, ]
 [ 0.000,  0.000,  0.000,  0.000,  0.000,  0.000,  0.000, ]
 [ 0.000,  0.000,  0.000,  0.000,  0.000,  0.000,  0.000, ]
 [ 0.000,  0.000,  0.000,  0.000,  0.000,  0.000,  0.000, ]
 [ 0.000,  0.000,  0.000,  0.000,  0.000,  0.000,  0.000, ]
 [ 0.000,  0.000,  0.000,  0.000,  0.000,  0.000,  0.000, ]
]
Average speed = 22.5m/s
Seconds = 0.0585248470306
Minutes = 0.000975414117177
Distance = 1.31568789482m

Thu Jun  4 08:54:02 2020)
[ [ 0.000,  0.000,  0.000,  0.000,  0.000,  0.000,  0.000, ]
 [ 100.000,  100.000,  100.000,  100.000,  100.000,  100.000,  100.000, ]
 [ 0.000,  0.000,  0.000,  0.000,  0.000,  0.000,  0.000, ]
 [ 0.000,  0.000,  0.000,  0.000,  0.000,  0.000,  0.000, ]
 [ 0.000,  0.000,  0.000,  0.000,  0.000,  0.000,  0.000, ]
 [ 0.000,  0.000,  0.000,  0.000,  0.000,  0.000,  0.000, ]
]
Average speed = 22.5m/s
Seconds = 3.35620594025
Minutes = 0.0559367656708
Distance = 75.5131262541m

Thu Jun  4 08:54:39 2020)
[ [ 0.000,  0.000,  0.000,  0.000,  0.000,  0.000,  0.000, ]
 [ 100.000,  100.000,  100.000,  100.000,  100.000,  100.000,  100.000, ]
 [ 0.000,  0.000,  0.000,  0.000,  0.000,  0.000,  0.000, ]
 [ 0.000,  0.000,  0.000,  0.000,  0.000,  0.000,  0.000, ]
 [ 0.000,  0.000,  0.000,  0.000,  0.000,  0.000,  0.000, ]
 [ 0.000,  0.000,  0.000,  0.000,  0.000,  0.000,  0.000, ]
]
Average speed = 22.5m/s
Seconds = 4.76345992088
Minutes = 0.0793909986814
Distance = 107.176008224m

Thu Jun  4 09:00:58 2020)
[ [ 0.000,  0.000,  0.000,  0.000,  0.000,  0.000,  0.000, ]
 [ 0.000,  0.000,  0.000,  0.000,  0.000,  0.000,  0.000, ]
 [ 0.000,  0.000,  0.000,  0.000,  0.000,  0.000,  0.000, ]
 [ 0.000,  0.000,  0.000,  0.000,  0.000,  0.000,  0.000, ]
 [ 0.000,  0.000,  0.000,  0.000,  0.000,  0.000,  0.000, ]
 [ -275.762,  -297.998,  -297.463,  -304.468,  -298.734,  -303.823,  -269.628, ]
]
Average speed = 22.5m/s
Seconds = 8.43776893616
Minutes = 0.140629482269
Distance = 189.847730398m

Thu Jun  4 09:07:47 2020)
[ [ -79.814,  -80.078,  -79.809,  -79.201,  -79.682,  -79.145,  -79.817, ]
 [ 100.000,  100.000,  100.000,  100.000,  100.000,  100.000,  100.000, ]
 [ 1000.000,  1000.000,  1000.000,  1000.000,  1000.000,  1000.000,  1000.000, ]
 [ 100.000,  100.000,  100.000,  100.000,  100.000,  100.000,  100.000, ]
 [ -70.290,  -70.379,  -70.217,  -71.082,  -70.277,  -69.750,  -71.064, ]
 [ -150.653,  -159.556,  -125.632,  -152.423,  -124.124,  -150.653,  -124.477, ]
]
Average speed = 22.5m/s
Seconds = 29.3847811222
Minutes = 0.489746352037
Distance = 661.155230999m

Thu Jun  4 09:09:33 2020)
[ [ -93.289,  -93.069,  -93.277,  -93.069,  -93.056,  -93.303,  -93.309, ]
 [ 100.000,  100.000,  100.000,  100.000,  100.000,  100.000,  100.000, ]
 [ 1000.000,  1000.000,  1000.000,  1000.000,  1000.000,  1000.000,  1000.000, ]
 [ 100.000,  100.000,  100.000,  100.000,  100.000,  100.000,  100.000, ]
 [ -58.204,  -57.961,  -57.677,  -59.332,  -58.325,  -57.805,  -59.429, ]
 [ -135.727,  -132.945,  -129.641,  -95.219,  -124.111,  -129.948,  -124.111, ]
]
Average speed = 22.5m/s
Seconds = 36.9995279312
Minutes = 0.616658798854
Distance = 832.488187551m

Thu Jun  4 09:14:50 2020)
[ [ 19.999,  19.999,  19.999,  19.999,  19.999,  19.999,  19.999, ]
 [ 100.000,  100.000,  100.000,  100.000,  100.000,  100.000,  100.000, ]
 [ 200.000,  200.000,  200.000,  200.000,  200.000,  200.000,  200.000, ]
 [ 100.000,  100.000,  100.000,  100.000,  100.000,  100.000,  100.000, ]
 [ 19.996,  19.996,  19.979,  19.996,  19.996,  19.996,  19.996, ]
 [ -131.177,  -153.824,  -136.660,  -128.781,  -157.731,  -163.335,  -150.653, ]
]
Average speed = 22.5m/s
Seconds = 47.7185850143
Minutes = 0.795309750239
Distance = 1073.66622627m

Thu Jun  4 09:18:03 2020)
[ [ 0.000,  0.000,  0.000,  0.000,  0.000,  0.000,  0.000, ]
 [ 60.000,  60.000,  60.000,  60.000,  60.000,  60.000,  60.000, ]
 [ 0.000,  0.000,  0.000,  0.000,  0.000,  0.000,  0.000, ]
 [ 0.000,  0.000,  0.000,  0.000,  0.000,  0.000,  0.000, ]
 [ 0.000,  0.000,  0.000,  0.000,  0.000,  0.000,  0.000, ]
 [ 0.000,  0.000,  0.000,  0.000,  0.000,  0.000,  0.000, ]
]
Average speed = 22.5m/s
Seconds = 11.8181321621
Minutes = 0.196968869368
Distance = 265.906305313m

Thu Jun  4 09:20:20 2020)
[ [ 0.000,  3.914,  0.000,  0.000,  3.775,  3.727,  4.181, ]
 [ 0.000,  0.000,  0.000,  0.000,  0.000,  0.000,  0.000, ]
 [ 0.000,  0.000,  0.000,  0.000,  0.000,  0.000,  0.000, ]
 [ 0.000,  0.000,  0.000,  0.000,  0.000,  0.000,  0.000, ]
 [ 0.000,  0.000,  0.000,  0.000,  0.000,  0.000,  0.000, ]
 [ 0.000,  0.000,  0.000,  0.000,  0.000,  0.000,  0.000, ]
]
Average speed = 22.5m/s
Seconds = 0.0288770198822
Minutes = 0.000481283664703
Distance = 0.648402571678m

Thu Jun  4 09:22:25 2020)
[ [ 20.000,  20.000,  20.000,  20.000,  20.000,  20.000,  20.000, ]
 [ 60.000,  60.000,  60.000,  60.000,  60.000,  60.000,  60.000, ]
 [ 100.000,  100.000,  100.000,  100.000,  100.000,  100.000,  100.000, ]
 [ 0.000,  0.000,  0.000,  0.000,  0.000,  0.000,  0.000, ]
 [ 0.000,  0.000,  0.000,  0.000,  0.000,  0.000,  0.000, ]
 [ -140.976,  -130.258,  -141.403,  -97.278,  -133.381,  -136.984,  -141.682, ]
]
Average speed = 22.5m/s
Seconds = 35.6544158459
Minutes = 0.594240264098
Distance = 802.222130299m

Thu Jun  4 09:23:25 2020)
[ [ 20.000,  20.000,  20.000,  20.000,  20.000,  20.000,  20.000, ]
 [ 60.000,  60.000,  60.000,  60.000,  60.000,  60.000,  60.000, ]
 [ 100.000,  100.000,  100.000,  100.000,  100.000,  100.000,  100.000, ]
 [ 0.000,  0.000,  0.000,  0.000,  0.000,  0.000,  0.000, ]
 [ 0.000,  0.000,  0.000,  0.000,  0.000,  0.000,  0.000, ]
 [ -199.604,  -199.566,  -166.393,  -172.962,  -167.658,  -207.067,  -206.147, ]
]
Average speed = 22.5m/s
Seconds = 35.1828939915
Minutes = 0.586381566525
Distance = 791.613585949m

Thu Jun  4 10:40:31 2020)
[ [ 20.000,  20.000,  20.000,  20.000,  20.000,  20.000,  20.000, ]
 [ 60.000,  60.000,  60.000,  60.000,  60.000,  60.000,  60.000, ]
 [ 100.000,  100.000,  100.000,  100.000,  100.000,  100.000,  100.000, ]
 [ 60.000,  60.000,  60.000,  60.000,  60.000,  60.000,  60.000, ]
 [ 19.999,  19.991,  19.996,  19.999,  19.998,  19.999,  19.999, ]
 [ -337.531,  -363.090,  -343.742,  -338.904,  -337.129,  -347.946,  -343.007, ]
]
Average speed = 22.5m/s
Seconds = 78.5027859211
Minutes = 1.30837976535
Distance = 1766.30570948m

Thu Jun  4 10:42:07 2020)
[ [ 20.000,  20.000,  20.000,  20.000,  20.000,  20.000,  20.000, ]
 [ 20.000,  20.000,  20.000,  20.000,  20.000,  20.000,  20.000, ]
 [ 20.000,  20.000,  20.000,  20.000,  20.000,  20.000,  20.000, ]
 [ 20.000,  20.000,  20.000,  20.000,  20.000,  20.000,  20.000, ]
 [ 0.000,  0.000,  0.000,  0.000,  0.000,  0.000,  0.000, ]
 [ -186.383,  -186.326,  -186.340,  -187.966,  -153.005,  -152.737,  -192.767, ]
]
Average speed = 22.5m/s
Seconds = 80.9124720097
Minutes = 1.34854120016
Distance = 1820.52873194m

Thu Jun  4 10:58:42 2020)
[ [ 20.000,  19.000,  19.000,  9.000,  9.000,  9.000,  9.000, ]
 [ 95.000,  100.000,  95.000,  90.000,  90.000,  90.000,  90.000, ]
 [ 189.000,  189.000,  189.000,  200.000,  189.000,  189.000,  189.000, ]
 [ 0.000,  0.000,  0.000,  0.000,  0.000,  0.000,  0.000, ]
 [ 0.000,  0.000,  0.000,  0.000,  0.000,  0.000,  0.000, ]
 [ -392.705,  -410.205,  -407.067,  -412.664,  -412.648,  -407.670,  -399.147, ]
]
Average speed = 22.5m/s
Seconds = 85.5631418228
Minutes = 1.42605236371
Distance = 1925.16740799m

Thu Jun  4 11:10:04 2020)
[ [ 20.000,  19.000,  19.000,  9.000,  9.000,  9.000,  9.000, ]
 [ 95.000,  100.000,  95.000,  90.000,  90.000,  90.000,  90.000, ]
 [ 189.000,  189.000,  189.000,  200.000,  189.000,  189.000,  189.000, ]
 [ 90.000,  90.000,  90.000,  90.000,  95.000,  100.000,  95.000, ]
 [ 9.000,  9.000,  9.000,  9.000,  19.000,  19.000,  20.000, ]
 [ -133.487,  -159.430,  -158.316,  -161.664,  -131.349,  -172.174,  -134.203, ]
]
Average speed = 22.5m/s
Seconds = 106.017705917
Minutes = 1.76696176529
Distance = 2385.39692402m

Thu Jun  4 11:22:32 2020)
[ [ 0.000,  0.000,  0.000,  0.000,  0.000,  0.000,  0.000, ]
 [ 0.000,  0.000,  0.000,  0.000,  0.000,  0.000,  0.000, ]
 [ 184.989,  185.186,  185.004,  196.027,  185.222,  185.222,  185.171, ]
 [ 83.467,  83.576,  83.299,  83.021,  88.297,  93.241,  88.284, ]
 [ -7.444,  -7.558,  -7.223,  -7.564,  2.777,  2.290,  3.013, ]
 [ -230.508,  -242.784,  -203.417,  -235.802,  -240.280,  -206.640,  -241.508, ]
]
Average speed = 22.5m/s
Seconds = 6.00173616409
Minutes = 0.100028936068
Distance = 135.03723979m

Thu Jun  4 11:36:30 2020)
[ [ 20.000,  19.000,  19.000,  9.000,  9.000,  9.000,  9.000, ]
 [ 95.000,  100.000,  95.000,  90.000,  90.000,  90.000,  90.000, ]
 [ 189.000,  189.000,  189.000,  200.000,  189.000,  189.000,  189.000, ]
 [ 90.000,  90.000,  90.000,  90.000,  95.000,  100.000,  95.000, ]
 [ 9.000,  9.000,  9.000,  9.000,  19.000,  19.000,  20.000, ]
 [ -258.881,  -261.508,  -285.833,  -257.036,  -267.087,  -292.374,  -261.087, ]
]
Average speed = 22.5m/s
Seconds = 84.813655138
Minutes = 1.41356091897
Distance = 1908.30602288m

Thu Jun  4 11:53:18 2020)
[ [ 20.000,  19.000,  19.000,  9.000,  9.000,  9.000,  9.000, ]
 [ 95.000,  100.000,  95.000,  90.000,  90.000,  90.000,  90.000, ]
 [ 189.000,  189.000,  189.000,  200.000,  189.000,  189.000,  189.000, ]
 [ 90.000,  90.000,  90.000,  90.000,  95.000,  100.000,  95.000, ]
 [ 9.000,  9.000,  9.000,  9.000,  19.000,  19.000,  20.000, ]
 [ -296.024,  -282.023,  -285.678,  -262.965,  -264.888,  -299.433,  -297.186, ]
]
Average speed = 22.5m/s
Seconds = 82.0186069012
Minutes = 1.36697678169
Distance = 1845.41739464m

Thu Jun  4 12:00:37 2020)
[ [ 200.000,  190.000,  190.000,  180.000,  180.000,  180.000,  180.000, ]
 [ 190.000,  200.000,  190.000,  180.000,  180.000,  180.000,  180.000, ]
 [ 180.000,  180.000,  180.000,  200.000,  180.000,  180.000,  180.000, ]
 [ 180.000,  180.000,  180.000,  180.000,  190.000,  200.000,  190.000, ]
 [ 179.996,  179.998,  179.998,  179.998,  189.999,  189.999,  199.999, ]
 [ -251.214,  -250.439,  -256.117,  -278.610,  -257.618,  -248.892,  -249.868, ]
]
Average speed = 22.5m/s
Seconds = 85.8682699203
Minutes = 1.43113783201
Distance = 1932.03456581m

Thu Jun  4 12:05:49 2020)
[ [ 200.000,  189.985,  189.986,  179.984,  179.901,  179.614,  179.653, ]
 [ 190.000,  200.000,  190.000,  180.000,  180.000,  180.000,  180.000, ]
 [ 180.000,  180.000,  180.000,  200.000,  180.000,  180.000,  180.000, ]
 [ 180.000,  180.000,  180.000,  180.000,  190.000,  200.000,  190.000, ]
 [ 180.000,  180.000,  180.000,  180.000,  190.000,  190.000,  200.000, ]
 [ -400.178,  -391.778,  -397.072,  -415.504,  -396.562,  -388.776,  -401.293, ]
]
Average speed = 22.5m/s
Seconds = 298.547657013
Minutes = 4.97579428355
Distance = 6717.32117772m

Thu Jun  4 12:09:12 2020)
[ [ 148.003,  139.954,  137.629,  128.018,  130.067,  129.918,  129.209, ]
 [ 157.156,  165.431,  157.137,  147.148,  144.360,  146.600,  147.148, ]
 [ 179.978,  179.977,  179.974,  199.977,  179.975,  179.977,  179.977, ]
 [ 154.843,  157.018,  154.893,  156.266,  166.943,  177.017,  164.070, ]
 [ 71.609,  68.201,  71.774,  72.493,  76.347,  82.704,  87.065, ]
 [ -40.000,  0.000,  -40.000,  0.000,  0.000,  0.000,  0.000, ]
]
Average speed = 22.5m/s
Seconds = 2.08187413216
Minutes = 0.0346979022026
Distance = 46.840928793m

Thu Jun  4 12:12:25 2020)
[ [ 0.000,  0.000,  0.000,  0.000,  0.000,  0.000,  0.000, ]
 [ 189.954,  199.955,  189.949,  179.948,  179.954,  179.957,  179.953, ]
 [ 179.199,  179.259,  179.259,  199.224,  179.234,  179.131,  179.186, ]
 [ 0.000,  0.000,  0.000,  0.000,  0.000,  0.000,  0.000, ]
 [ 0.000,  0.000,  0.000,  0.000,  0.000,  0.000,  0.000, ]
 [ 0.000,  0.000,  0.000,  0.000,  0.000,  0.000,  0.000, ]
]
Average speed = 22.5m/s
Seconds = 1.61305093765
Minutes = 0.0268841822942
Distance = 36.2913286686m

Thu Jun  4 12:12:38 2020)
[ [ 0.000,  0.000,  0.000,  0.000,  0.000,  0.000,  0.000, ]
 [ 177.041,  187.022,  177.662,  167.661,  167.650,  167.131,  167.646, ]
 [ 179.864,  179.862,  179.866,  199.860,  179.867,  179.867,  179.867, ]
 [ 0.000,  0.000,  0.000,  0.000,  0.000,  0.000,  0.000, ]
 [ 0.000,  0.000,  0.000,  0.000,  0.000,  0.000,  0.000, ]
 [ 0.000,  0.000,  0.000,  0.000,  0.000,  0.000,  0.000, ]
]
Average speed = 22.5m/s
Seconds = 1.15219712257
Minutes = 0.0192032853762
Distance = 25.9230405092m

Thu Jun  4 12:12:48 2020)
[ [ 138.780,  129.100,  129.354,  119.273,  119.404,  119.101,  119.273, ]
 [ 179.092,  190.248,  180.407,  170.407,  170.339,  170.339,  170.299, ]
 [ 178.354,  178.580,  178.356,  198.568,  178.297,  178.627,  178.499, ]
 [ 0.000,  0.000,  0.000,  0.000,  0.000,  0.000,  0.000, ]
 [ 0.000,  0.000,  0.000,  0.000,  0.000,  0.000,  0.000, ]
 [ 0.000,  0.000,  -40.000,  -40.000,  0.000,  0.000,  0.000, ]
]
Average speed = 22.5m/s
Seconds = 1.21108102798
Minutes = 0.0201846837997
Distance = 27.2472041845m

Thu Jun  4 12:13:00 2020)
[ [ 0.000,  0.000,  0.000,  0.000,  0.000,  0.000,  0.000, ]
 [ 158.436,  168.141,  159.362,  21.703,  148.281,  147.839,  148.658, ]
 [ 179.980,  179.980,  179.981,  199.980,  179.981,  179.981,  179.980, ]
 [ 0.000,  0.000,  0.000,  0.000,  0.000,  0.000,  0.000, ]
 [ 0.000,  0.000,  0.000,  0.000,  0.000,  0.000,  0.000, ]
 [ 0.000,  0.000,  0.000,  0.000,  0.000,  -40.000,  0.000, ]
]
Average speed = 22.5m/s
Seconds = 1.51174592972
Minutes = 0.0251957654953
Distance = 34.009809494m

Thu Jun  4 12:13:54 2020)
[ [ 0.000,  0.000,  0.000,  0.000,  0.000,  0.000,  0.000, ]
 [ 0.000,  0.000,  0.000,  0.000,  0.000,  0.000,  0.000, ]
 [ 72.061,  68.690,  53.641,  87.065,  72.581,  31.173,  69.706, ]
 [ 179.565,  179.566,  179.563,  179.565,  189.563,  199.543,  189.566, ]
 [ 171.962,  173.009,  173.325,  172.787,  183.400,  183.184,  193.516, ]
 [ 0.000,  0.000,  0.000,  0.000,  0.000,  0.000,  0.000, ]
]
Average speed = 22.5m/s
Seconds = 1.25265598297
Minutes = 0.0208775997162
Distance = 28.1833916903m

Thu Jun  4 12:14:17 2020)
[ [ 0.000,  0.000,  0.000,  0.000,  0.000,  0.000,  0.000, ]
 [ 189.444,  199.463,  189.446,  179.484,  179.438,  179.480,  179.421, ]
 [ 144.353,  139.928,  138.772,  162.490,  144.176,  144.350,  144.341, ]
 [ 173.830,  174.302,  174.320,  174.486,  184.505,  194.264,  184.310, ]
 [ 131.503,  138.043,  137.875,  138.044,  148.041,  147.959,  155.836, ]
 [ 0.000,  0.000,  0.000,  0.000,  -40.000,  0.000,  -40.000, ]
]
Average speed = 22.5m/s
Seconds = 1.83513712883
Minutes = 0.0305856188138
Distance = 41.2872058153m

Thu Jun  4 12:15:00 2020)
[ [ 187.541,  177.819,  178.102,  168.136,  168.003,  166.504,  167.003, ]
 [ 189.944,  199.948,  189.941,  179.945,  179.942,  179.944,  179.943, ]
 [ 0.000,  0.000,  0.000,  0.000,  0.000,  0.000,  0.000, ]
 [ 0.000,  0.000,  0.000,  0.000,  0.000,  0.000,  0.000, ]
 [ 0.000,  0.000,  0.000,  0.000,  0.000,  0.000,  0.000, ]
 [ 0.000,  0.000,  -40.000,  0.000,  0.000,  0.000,  -40.000, ]
]
Average speed = 22.5m/s
Seconds = 1.49662089348
Minutes = 0.024943681558
Distance = 33.6712503433m

Thu Jun  4 12:16:30 2020)
[ [ 82.360,  77.617,  78.203,  68.204,  68.204,  68.200,  68.052, ]
 [ 154.363,  163.990,  155.415,  144.350,  144.065,  142.748,  144.061, ]
 [ 179.751,  179.766,  179.792,  199.806,  179.769,  179.812,  179.788, ]
 [ 0.000,  0.000,  0.000,  0.000,  0.000,  0.000,  0.000, ]
 [ 0.000,  0.000,  0.000,  0.000,  0.000,  0.000,  0.000, ]
 [ -48.000,  0.000,  0.000,  0.000,  0.000,  0.000,  0.000, ]
]
Average speed = 22.5m/s
Seconds = 1.22824215889
Minutes = 0.0204707026482
Distance = 27.6310819387m

Thu Jun  4 12:16:35 2020)
[ [ 153.996,  142.097,  135.350,  133.488,  129.663,  130.242,  129.263, ]
 [ 165.313,  177.017,  165.322,  155.322,  156.810,  156.867,  157.169, ]
 [ 179.764,  179.761,  179.772,  199.762,  179.761,  179.764,  179.770, ]
 [ 0.000,  0.000,  0.000,  0.000,  0.000,  0.000,  0.000, ]
 [ 0.000,  0.000,  0.000,  0.000,  0.000,  0.000,  0.000, ]
 [ 0.000,  0.000,  -40.000,  -40.000,  0.000,  0.000,  0.000, ]
]
Average speed = 22.5m/s
Seconds = 1.43806886673
Minutes = 0.0239678144455
Distance = 32.3489910364m

Thu Jun  4 12:20:42 2020)
[ [ 200.000,  190.000,  190.000,  180.000,  180.000,  180.000,  180.000, ]
 [ 190.000,  200.000,  190.000,  180.000,  180.000,  180.000,  180.000, ]
 [ 180.000,  180.000,  180.000,  200.000,  180.000,  180.000,  180.000, ]
 [ 180.000,  180.000,  180.000,  180.000,  190.000,  200.000,  190.000, ]
 [ 180.000,  180.000,  180.000,  180.000,  190.000,  190.000,  200.000, ]
 [ -470.887,  -480.408,  -489.623,  -479.519,  -480.676,  -482.571,  -470.393, ]
]
Average speed = 22.5m/s
Seconds = 184.7745471
Minutes = 3.079575785
Distance = 4157.42476702m

Thu Jun  4 12:51:34 2020)
[ [ 200.000,  190.000,  190.000,  180.000,  180.000,  180.000,  180.000, ]
 [ 190.000,  200.000,  190.000,  180.000,  180.000,  180.000,  180.000, ]
 [ 190.000,  200.000,  190.000,  180.000,  180.000,  180.000,  180.000, ]
 [ 180.000,  180.000,  180.000,  200.000,  180.000,  180.000,  180.000, ]
 [ 180.000,  180.000,  180.000,  180.000,  200.000,  190.000,  190.000, ]
 [ 180.000,  180.000,  180.000,  180.000,  190.000,  200.000,  190.000, ]
 [ 180.000,  180.000,  180.000,  180.000,  190.000,  190.000,  -246.439, ]
 [ -420.827,  -405.091,  -413.210,  -411.923,  -428.617,  -405.086,  -408.312, ]
]
Average speed = 22.5m/s
Seconds = 150.13919282
Minutes = 2.50231988033
Distance = 3378.12959075m

Thu Jun  4 12:58:37 2020)
[ [ 200.000,  190.000,  190.000,  180.000,  180.000,  180.000,  180.000, ]
 [ 190.000,  200.000,  190.000,  180.000,  180.000,  180.000,  180.000, ]
 [ 190.000,  200.000,  190.000,  180.000,  180.000,  180.000,  180.000, ]
 [ 180.000,  180.000,  180.000,  200.000,  180.000,  180.000,  180.000, ]
 [ 180.000,  180.000,  180.000,  180.000,  200.000,  190.000,  190.000, ]
 [ 180.000,  180.000,  180.000,  180.000,  190.000,  200.000,  190.000, ]
 [ 180.000,  180.000,  180.000,  180.000,  190.000,  190.000,  200.000, ]
 [ -466.136,  -486.898,  -485.311,  -483.228,  -483.223,  -488.953,  -484.220, ]
]
Average speed = 22.5m/s
Seconds = 161.089950085
Minutes = 2.68483250141
Distance = 3624.52137709m

Thu Jun  4 13:08:54 2020)
[ [ 200.000,  190.000,  190.000,  180.000,  180.000,  180.000,  180.000, ]
 [ 190.000,  200.000,  190.000,  180.000,  180.000,  180.000,  180.000, ]
 [ 190.000,  200.000,  190.000,  180.000,  180.000,  180.000,  180.000, ]
 [ 180.000,  180.000,  180.000,  200.000,  180.000,  180.000,  180.000, ]
 [ 180.000,  180.000,  180.000,  180.000,  200.000,  190.000,  190.000, ]
 [ 180.000,  180.000,  180.000,  180.000,  190.000,  200.000,  190.000, ]
 [ 180.000,  180.000,  180.000,  180.000,  190.000,  190.000,  200.000, ]
 [ -469.359,  -458.921,  -469.450,  -464.702,  -458.503,  -458.312,  -460.782, ]
]
Average speed = 22.5m/s
Seconds = 202.327995062
Minutes = 3.37213325103
Distance = 4552.37759292m

Thu Jun  4 14:27:31 2020)
[ [ 200.000,  190.000,  190.000,  180.000,  180.000,  180.000,  180.000, ]
 [ 190.000,  200.000,  190.000,  180.000,  180.000,  180.000,  180.000, ]
 [ 190.000,  200.000,  190.000,  180.000,  180.000,  180.000,  180.000, ]
 [ 180.000,  180.000,  180.000,  200.000,  180.000,  180.000,  180.000, ]
 [ 180.000,  180.000,  180.000,  180.000,  200.000,  190.000,  190.000, ]
 [ 180.000,  180.000,  180.000,  180.000,  190.000,  200.000,  190.000, ]
 [ 27.246,  86.667,  32.695,  150.368,  46.332,  32.802,  185.587, ]
 [ -533.002,  -542.600,  -548.102,  -540.946,  -548.674,  -529.933,  -530.905, ]
]
Average speed = 22.5m/s
Seconds = 396.93479085
Minutes = 6.61557984749
Distance = 8931.0309273m

Thu Jun  4 14:30:02 2020)
[ [ 0.000,  0.000,  0.000,  0.000,  0.000,  0.000,  0.000, ]
 [ 7.539,  15.680,  7.296,  -3.520,  -2.304,  -1.920,  -2.402, ]
 [ 189.998,  199.998,  189.998,  179.998,  179.998,  179.998,  179.998, ]
 [ 105.694,  105.699,  105.698,  121.789,  104.718,  105.699,  105.547, ]
 [ 176.600,  27.347,  176.761,  176.793,  196.626,  186.784,  186.788, ]
 [ 12.486,  104.212,  101.268,  104.949,  106.927,  121.789,  110.849, ]
 [ 95.983,  104.811,  104.817,  96.018,  114.924,  175.082,  121.789, ]
 [ 0.000,  0.000,  0.000,  0.000,  0.000,  0.000,  0.000, ]
]
Average speed = 22.5m/s
Seconds = 1.97108411789
Minutes = 0.0328514019648
Distance = 44.347525835m

Thu Jun  4 14:30:19 2020)
[ [ 199.742,  189.697,  189.723,  179.720,  179.747,  179.754,  179.718, ]
 [ 189.879,  199.876,  189.883,  179.883,  179.882,  179.882,  179.882, ]
 [ 189.992,  199.993,  189.992,  179.901,  179.993,  179.993,  179.993, ]
 [ 0.000,  0.000,  0.000,  0.000,  0.000,  0.000,  0.000, ]
 [ 0.000,  0.000,  0.000,  0.000,  0.000,  0.000,  0.000, ]
 [ 0.000,  0.000,  0.000,  0.000,  0.000,  0.000,  0.000, ]
 [ 0.000,  0.000,  0.000,  0.000,  0.000,  0.000,  0.000, ]
 [ 0.000,  -40.000,  -49.600,  0.000,  0.000,  -40.000,  -40.000, ]
]
Average speed = 22.5m/s
Seconds = 2.92257189751
Minutes = 0.0487095316251
Distance = 65.756585598m

Thu Jun  4 14:30:36 2020)
[ [ 111.600,  105.961,  105.187,  95.843,  96.020,  88.394,  95.153, ]
 [ 173.593,  182.730,  173.437,  162.909,  163.566,  163.593,  163.566, ]
 [ 189.816,  199.806,  189.809,  179.816,  179.813,  179.815,  179.815, ]
 [ 0.000,  0.000,  0.000,  0.000,  0.000,  0.000,  0.000, ]
 [ 0.000,  0.000,  0.000,  0.000,  0.000,  0.000,  0.000, ]
 [ 0.000,  0.000,  0.000,  0.000,  0.000,  0.000,  0.000, ]
 [ 0.000,  0.000,  0.000,  0.000,  0.000,  0.000,  0.000, ]
 [ 0.000,  0.000,  0.000,  0.000,  0.000,  0.000,  0.000, ]
]
Average speed = 22.5m/s
Seconds = 1.14225006104
Minutes = 0.0190375010173
Distance = 25.6941246986m

Thu Jun  4 14:30:50 2020)
[ [ 199.989,  189.990,  189.989,  179.989,  179.990,  179.989,  179.990, ]
 [ 129.404,  136.229,  129.100,  119.415,  119.101,  119.101,  119.100, ]
 [ 187.486,  197.663,  187.778,  177.738,  177.664,  177.737,  177.571, ]
 [ 0.000,  0.000,  0.000,  0.000,  0.000,  0.000,  0.000, ]
 [ 0.000,  0.000,  0.000,  0.000,  0.000,  0.000,  0.000, ]
 [ 0.000,  0.000,  0.000,  0.000,  0.000,  0.000,  0.000, ]
 [ 0.000,  0.000,  0.000,  0.000,  0.000,  0.000,  0.000, ]
 [ 0.000,  0.000,  0.000,  0.000,  0.000,  0.000,  0.000, ]
]
Average speed = 22.5m/s
Seconds = 1.611109972
Minutes = 0.0268518328667
Distance = 36.2483328581m

Thu Jun  4 14:31:04 2020)
[ [ 178.819,  168.968,  169.668,  159.031,  159.528,  159.031,  159.039, ]
 [ 147.677,  159.299,  149.008,  135.421,  137.694,  138.887,  137.691, ]
 [ 187.490,  197.465,  187.486,  177.491,  177.491,  177.490,  177.571, ]
 [ 0.000,  0.000,  0.000,  0.000,  0.000,  0.000,  0.000, ]
 [ 0.000,  0.000,  0.000,  0.000,  0.000,  0.000,  0.000, ]
 [ 0.000,  0.000,  0.000,  0.000,  0.000,  0.000,  0.000, ]
 [ 0.000,  0.000,  0.000,  0.000,  0.000,  0.000,  0.000, ]
 [ 0.000,  0.000,  0.000,  0.000,  0.000,  -40.000,  0.000, ]
]
Average speed = 22.5m/s
Seconds = 1.01264810562
Minutes = 0.016877468427
Distance = 22.7806663513m

Thu Jun  4 14:31:16 2020)
[ [ 0.000,  0.000,  0.000,  0.000,  0.000,  0.000,  0.000, ]
 [ 0.000,  0.000,  0.000,  0.000,  0.000,  0.000,  0.000, ]
 [ 189.820,  199.814,  189.822,  179.807,  179.821,  179.814,  179.820, ]
 [ 164.878,  24.971,  164.877,  184.084,  164.863,  164.877,  164.879, ]
 [ 95.956,  91.756,  92.076,  93.125,  111.600,  21.029,  98.111, ]
 [ 166.487,  164.043,  166.042,  166.062,  35.087,  185.918,  176.060, ]
 [ 162.553,  162.902,  162.748,  162.097,  172.725,  172.767,  182.010, ]
 [ 0.000,  0.000,  0.000,  -40.000,  -40.000,  0.000,  0.000, ]
]
Average speed = 22.5m/s
Seconds = 1.72623085976
Minutes = 0.0287705143293
Distance = 38.8384187222m

Thu Jun  4 14:31:35 2020)
[ [ 0.000,  0.000,  0.000,  0.000,  0.000,  0.000,  0.000, ]
 [ 102.522,  115.136,  106.002,  95.993,  96.006,  96.016,  94.234, ]
 [ 189.999,  199.999,  189.999,  179.999,  179.999,  179.999,  179.999, ]
 [ 96.014,  95.985,  92.375,  115.136,  95.990,  11.035,  94.957, ]
 [ 158.640,  159.349,  158.968,  158.678,  178.819,  166.785,  169.691, ]
 [ 0.000,  0.000,  0.000,  0.000,  0.000,  0.000,  0.000, ]
 [ 0.000,  0.000,  0.000,  0.000,  0.000,  0.000,  0.000, ]
 [ 0.000,  0.000,  0.000,  0.000,  0.000,  0.000,  0.000, ]
]
Average speed = 22.5m/s
Seconds = 1.39981293678
Minutes = 0.023330215613
Distance = 31.4943963289m

Thu Jun  4 14:31:44 2020)
[ [ 0.000,  0.000,  0.000,  0.000,  0.000,  0.000,  0.000, ]
 [ 0.000,  0.000,  0.000,  0.000,  0.000,  0.000,  0.000, ]
 [ 189.978,  199.978,  189.976,  179.978,  179.978,  179.977,  179.977, ]
 [ 98.687,  95.984,  163.657,  118.530,  98.672,  95.581,  95.575, ]
 [ 116.358,  123.693,  124.103,  123.481,  141.228,  132.607,  133.011, ]
 [ 0.000,  0.000,  0.000,  0.000,  0.000,  0.000,  0.000, ]
 [ 0.000,  0.000,  0.000,  0.000,  0.000,  0.000,  0.000, ]
 [ 0.000,  0.000,  0.000,  0.000,  0.000,  0.000,  0.000, ]
]
Average speed = 22.5m/s
Seconds = 1.03174495697
Minutes = 0.0171957492828
Distance = 23.2130008936m

Thu Jun  4 14:31:52 2020)
[ [ 0.000,  0.000,  0.000,  0.000,  0.000,  0.000,  0.000, ]
 [ 149.641,  169.415,  155.767,  149.479,  150.447,  150.446,  145.758, ]
 [ 189.976,  199.975,  189.976,  179.976,  179.976,  179.976,  179.974, ]
 [ 0.000,  0.000,  0.000,  0.000,  0.000,  0.000,  0.000, ]
 [ 0.000,  0.000,  0.000,  0.000,  0.000,  0.000,  0.000, ]
 [ 0.000,  0.000,  0.000,  0.000,  0.000,  0.000,  0.000, ]
 [ 0.000,  0.000,  0.000,  0.000,  0.000,  0.000,  0.000, ]
 [ 0.000,  0.000,  0.000,  0.000,  0.000,  0.000,  0.000, ]
]
Average speed = 22.5m/s
Seconds = 0.955749034882
Minutes = 0.0159291505814
Distance = 21.5032911301m

Thu Jun  4 14:32:12 2020)
[ [ 0.000,  0.000,  0.000,  0.000,  0.000,  0.000,  0.000, ]
 [ 0.000,  0.000,  0.000,  0.000,  0.000,  0.000,  0.000, ]
 [ 190.000,  200.000,  190.000,  180.000,  180.000,  180.000,  180.000, ]
 [ 0.000,  0.000,  0.000,  0.000,  0.000,  0.000,  0.000, ]
 [ 177.010,  177.021,  177.021,  176.923,  196.890,  186.923,  186.918, ]
 [ 0.000,  0.000,  0.000,  0.000,  0.000,  0.000,  0.000, ]
 [ 0.000,  0.000,  0.000,  0.000,  0.000,  0.000,  0.000, ]
 [ 0.000,  0.000,  0.000,  0.000,  0.000,  0.000,  0.000, ]
]
Average speed = 22.5m/s
Seconds = 1.55733418465
Minutes = 0.0259555697441
Distance = 35.038484931m

Thu Jun  4 14:32:22 2020)
[ [ 0.000,  0.000,  0.000,  0.000,  0.000,  0.000,  0.000, ]
 [ 0.000,  0.000,  0.000,  0.000,  0.000,  0.000,  0.000, ]
 [ 143.607,  153.996,  144.447,  135.040,  136.296,  136.288,  136.294, ]
 [ 0.000,  0.000,  0.000,  0.000,  0.000,  0.000,  0.000, ]
 [ 168.923,  169.196,  169.560,  167.613,  162.928,  179.510,  179.380, ]
 [ 167.128,  165.927,  167.078,  166.502,  176.938,  186.481,  175.423, ]
 [ 88.625,  88.716,  88.602,  87.890,  98.689,  19.773,  104.079, ]
 [ 0.000,  0.000,  0.000,  0.000,  0.000,  -40.000,  -40.000, ]
]
Average speed = 22.5m/s
Seconds = 1.05208396912
Minutes = 0.0175347328186
Distance = 23.6706984043m

Thu Jun  4 14:32:30 2020)
[ [ 0.000,  0.000,  0.000,  0.000,  0.000,  0.000,  0.000, ]
 [ 0.000,  0.000,  0.000,  0.000,  0.000,  0.000,  0.000, ]
 [ 189.528,  199.505,  189.507,  179.508,  179.466,  179.468,  179.529, ]
 [ 164.828,  163.593,  164.104,  185.918,  164.723,  164.118,  163.244, ]
 [ 174.530,  174.548,  174.714,  174.544,  194.493,  184.494,  183.838, ]
 [ 156.027,  156.219,  156.303,  156.183,  163.057,  175.062,  166.138, ]
 [ 97.278,  98.251,  99.154,  11.790,  103.447,  109.345,  115.136, ]
 [ -40.000,  0.000,  0.000,  0.000,  -40.000,  -40.000,  0.000, ]
]
Average speed = 22.5m/s
Seconds = 1.69031405449
Minutes = 0.0281719009082
Distance = 38.0308967829m

Thu Jun  4 14:32:41 2020)
[ [ 0.000,  0.000,  0.000,  0.000,  0.000,  0.000,  0.000, ]
 [ 58.286,  61.493,  56.166,  41.191,  48.408,  48.325,  48.152, ]
 [ 187.801,  197.778,  187.801,  177.708,  177.782,  177.789,  177.801, ]
 [ 0.000,  0.000,  0.000,  0.000,  0.000,  0.000,  0.000, ]
 [ 95.857,  95.854,  91.615,  11.139,  111.600,  106.007,  105.305, ]
 [ 36.962,  29.159,  10.432,  30.911,  41.243,  49.711,  26.998, ]
 [ 39.806,  53.406,  42.841,  40.541,  11.445,  58.181,  67.033, ]
 [ 0.000,  0.000,  -40.000,  0.000,  0.000,  0.000,  0.000, ]
]
Average speed = 22.5m/s
Seconds = 1.72611117363
Minutes = 0.0287685195605
Distance = 38.8342612982m

Thu Jun  4 14:32:50 2020)
[ [ 0.000,  0.000,  0.000,  0.000,  0.000,  0.000,  0.000, ]
 [ 130.821,  141.228,  131.791,  121.250,  123.676,  121.815,  123.483, ]
 [ 189.940,  199.938,  189.936,  179.938,  179.940,  27.986,  179.935, ]
 [ 0.000,  0.000,  0.000,  0.000,  0.000,  0.000,  0.000, ]
 [ 0.000,  0.000,  0.000,  0.000,  0.000,  0.000,  0.000, ]
 [ 0.000,  0.000,  0.000,  0.000,  0.000,  0.000,  0.000, ]
 [ 0.000,  0.000,  0.000,  0.000,  0.000,  0.000,  0.000, ]
 [ 0.000,  0.000,  0.000,  0.000,  0.000,  0.000,  0.000, ]
]
Average speed = 22.5m/s
Seconds = 1.03688001633
Minutes = 0.0172813336054
Distance = 23.3276170492m

Thu Jun  4 14:32:59 2020)
[ [ 0.000,  0.000,  0.000,  0.000,  0.000,  0.000,  0.000, ]
 [ 0.000,  0.000,  0.000,  0.000,  0.000,  0.000,  0.000, ]
 [ 125.874,  133.572,  126.326,  113.788,  113.356,  114.140,  114.241, ]
 [ 0.000,  0.000,  0.000,  0.000,  0.000,  0.000,  0.000, ]
 [ 0.000,  0.000,  0.000,  0.000,  0.000,  0.000,  0.000, ]
 [ 0.000,  0.000,  0.000,  0.000,  0.000,  0.000,  0.000, ]
 [ 0.000,  0.000,  0.000,  0.000,  0.000,  0.000,  0.000, ]
 [ -40.000,  -49.600,  -40.000,  -49.984,  0.000,  -49.600,  -40.000, ]
]
Average speed = 22.5m/s
Seconds = 1.11637496948
Minutes = 0.0186062494914
Distance = 25.1174229383m

Thu Jun  4 14:33:10 2020)
[ [ 0.000,  0.000,  0.000,  0.000,  0.000,  0.000,  0.000, ]
 [ 0.000,  0.000,  0.000,  0.000,  0.000,  0.000,  0.000, ]
 [ 0.000,  0.000,  0.000,  0.000,  0.000,  0.000,  0.000, ]
 [ 0.000,  0.000,  0.000,  0.000,  0.000,  0.000,  0.000, ]
 [ 0.000,  0.000,  0.000,  0.000,  0.000,  0.000,  0.000, ]
 [ 0.000,  0.000,  0.000,  0.000,  0.000,  0.000,  0.000, ]
 [ 0.000,  0.000,  0.000,  0.000,  0.000,  0.000,  0.000, ]
 [ -78.400,  -49.920,  -40.000,  -80.000,  -48.000,  -40.000,  -49.600, ]
]
Average speed = 22.5m/s
Seconds = 1.11376309395
Minutes = 0.0185627182325
Distance = 25.0572127104m

Thu Jun  4 14:33:23 2020)
[ [ 0.000,  0.000,  0.000,  0.000,  0.000,  0.000,  0.000, ]
 [ 165.831,  175.062,  163.771,  174.701,  156.226,  155.844,  153.216, ]
 [ 189.961,  199.961,  189.958,  179.959,  179.961,  179.960,  179.956, ]
 [ 0.000,  0.000,  0.000,  0.000,  0.000,  0.000,  0.000, ]
 [ 0.000,  0.000,  0.000,  0.000,  0.000,  0.000,  0.000, ]
 [ 0.000,  0.000,  0.000,  0.000,  0.000,  0.000,  0.000, ]
 [ 0.000,  0.000,  0.000,  0.000,  0.000,  0.000,  0.000, ]
 [ 0.000,  0.000,  -40.000,  -40.000,  0.000,  0.000,  0.000, ]
]
Average speed = 22.5m/s
Seconds = 1.18842601776
Minutes = 0.019807100296
Distance = 26.7380994558m

Thu Jun  4 14:33:40 2020)
[ [ 0.000,  0.000,  0.000,  0.000,  0.000,  0.000,  0.000, ]
 [ 159.679,  170.639,  157.030,  151.632,  150.697,  150.394,  149.710, ]
 [ 189.580,  199.562,  189.532,  179.467,  179.563,  179.560,  179.577, ]
 [ 0.000,  0.000,  0.000,  0.000,  0.000,  0.000,  0.000, ]
 [ 0.000,  0.000,  0.000,  0.000,  0.000,  0.000,  0.000, ]
 [ 0.000,  0.000,  0.000,  0.000,  0.000,  0.000,  0.000, ]
 [ 0.000,  0.000,  0.000,  0.000,  0.000,  0.000,  0.000, ]
 [ 0.000,  0.000,  0.000,  0.000,  0.000,  0.000,  0.000, ]
]
Average speed = 22.5m/s
Seconds = 0.823548078537
Minutes = 0.0137258013089
Distance = 18.5284370184m

Thu Jun  4 14:41:45 2020)
[ [ 200.000,  188.856,  189.782,  178.900,  178.976,  179.588,  179.737, ]
 [ 190.000,  200.000,  190.000,  180.000,  180.000,  180.000,  180.000, ]
 [ 190.000,  200.000,  190.000,  180.000,  180.000,  180.000,  180.000, ]
 [ -167.186,  18.115,  -166.644,  78.359,  -135.692,  -167.186,  -166.478, ]
 [ 178.808,  178.547,  179.921,  179.268,  -78.022,  189.991,  189.563, ]
 [ -3.343,  -3.446,  -8.204,  -9.102,  0.236,  -64.143,  -410.176, ]
 [ 172.401,  175.258,  179.876,  172.397,  166.215,  189.934,  200.000, ]
 [ -554.516,  -551.056,  -548.201,  -539.770,  -556.281,  -547.618,  -548.281, ]
]
Average speed = 22.5m/s
Seconds = 448.297870874
Minutes = 7.47163118124
Distance = 10086.6842312m

Thu Jun  4 14:54:31 2020)
[ [ 199.994,  189.994,  189.993,  179.994,  179.992,  179.994,  179.995, ]
 [ 189.989,  199.990,  189.989,  179.989,  179.990,  179.982,  179.988, ]
 [ 190.000,  200.000,  190.000,  180.000,  180.000,  180.000,  180.000, ]
 [ 177.355,  178.177,  177.667,  198.244,  177.988,  177.625,  178.055, ]
 [ 179.992,  179.993,  179.993,  179.993,  199.993,  189.990,  189.993, ]
 [ 140.637,  142.290,  144.064,  143.574,  151.877,  162.490,  144.508, ]
 [ 47.092,  75.335,  71.862,  102.408,  85.371,  84.120,  124.917, ]
 [ -118.701,  -117.181,  -87.616,  -87.695,  -118.640,  -96.371,  -87.616, ]
]
Average speed = 22.5m/s
Seconds = 32.6058108807
Minutes = 0.543430181344
Distance = 733.629441261m

Thu Jun  4 14:57:38 2020)
[ [ 200.000,  190.000,  190.000,  180.000,  180.000,  180.000,  180.000, ]
 [ 190.000,  200.000,  190.000,  180.000,  180.000,  180.000,  180.000, ]
 [ 190.000,  200.000,  190.000,  180.000,  180.000,  180.000,  180.000, ]
 [ 180.000,  180.000,  180.000,  200.000,  180.000,  180.000,  180.000, ]
 [ 180.000,  180.000,  180.000,  180.000,  200.000,  190.000,  190.000, ]
 [ 180.000,  180.000,  180.000,  180.000,  190.000,  200.000,  190.000, ]
 [ 180.000,  180.000,  180.000,  180.000,  190.000,  190.000,  -340.595, ]
 [ -532.584,  -529.708,  -529.772,  -530.508,  -532.332,  -548.066,  -530.857, ]
]
Average speed = 22.5m/s
Seconds = 164.948359966
Minutes = 2.74913933277
Distance = 3711.3353312m

Thu Jun  4 15:02:45 2020)
[ [ 0.000,  0.000,  0.000,  0.000,  0.000,  0.000,  0.000, ]
 [ 186.921,  196.761,  186.917,  176.921,  176.891,  -32.200,  176.923, ]
 [ 190.000,  200.000,  190.000,  180.000,  180.000,  180.000,  180.000, ]
 [ 180.000,  180.000,  180.000,  200.000,  180.000,  180.000,  180.000, ]
 [ 180.000,  180.000,  180.000,  180.000,  200.000,  190.000,  190.000, ]
 [ 180.000,  180.000,  180.000,  180.000,  190.000,  200.000,  190.000, ]
 [ -8.000,  -9.997,  -9.997,  -9.984,  0.000,  0.000,  0.000, ]
 [ -852.620,  -850.430,  -849.239,  -852.022,  -847.568,  -848.274,  -852.505, ]
]
Average speed = 22.5m/s
Seconds = 175.713895082
Minutes = 2.92856491804
Distance = 3953.56068134m

Fri Jun  5 09:36:50 2020)
[ [ 200.000,  190.000,  190.000,  180.000,  180.000,  180.000,  180.000, ]
 [ 190.000,  200.000,  190.000,  180.000,  180.000,  180.000,  180.000, ]
 [ 190.000,  200.000,  190.000,  180.000,  180.000,  180.000,  180.000, ]
 [ 180.000,  180.000,  180.000,  200.000,  180.000,  180.000,  180.000, ]
 [ 180.000,  180.000,  180.000,  180.000,  200.000,  190.000,  190.000, ]
 [ 180.000,  180.000,  180.000,  180.000,  190.000,  200.000,  190.000, ]
 [ 180.000,  180.000,  180.000,  180.000,  190.000,  190.000,  200.000, ]
 [ -392.299,  -405.642,  -394.128,  -406.534,  -378.224,  -380.237,  -394.048, ]
]
Average speed = 22.5m/s
Seconds = 134.017814875
Minutes = 2.23363024791
Distance = 3015.39757311m

Fri Jun  5 10:56:51 2020)
[ [ 200.000,  190.000,  190.000,  180.000,  180.000,  180.000,  180.000, ]
 [ 190.000,  200.000,  190.000,  180.000,  180.000,  180.000,  180.000, ]
 [ 190.000,  200.000,  190.000,  180.000,  180.000,  180.000,  180.000, ]
 [ 180.000,  180.000,  180.000,  200.000,  180.000,  180.000,  180.000, ]
 [ 180.000,  180.000,  180.000,  180.000,  200.000,  190.000,  190.000, ]
 [ 180.000,  180.000,  180.000,  180.000,  190.000,  200.000,  190.000, ]
 [ 180.000,  180.000,  180.000,  180.000,  190.000,  190.000,  200.000, ]
 [ -287.167,  -287.252,  -291.356,  -287.342,  -285.824,  -290.583,  -291.962, ]
]
Average speed = 22.5m/s
Seconds = 142.17636919
Minutes = 2.36960615317
Distance = 3198.96565139m

Fri Jun  5 15:59:56 2020)
[ [ 0.000,  0.000,  0.000,  0.000,  0.000,  0.000,  0.000, ]
 [ 0.000,  0.000,  0.000,  0.000,  0.000,  0.000,  0.000, ]
 [ 190.000,  200.000,  190.000,  180.000,  180.000,  180.000,  180.000, ]
 [ 152.030,  151.873,  151.851,  170.639,  151.831,  151.866,  150.755, ]
 [ 179.977,  179.970,  179.979,  179.977,  199.978,  189.966,  189.970, ]
 [ 179.895,  179.895,  179.904,  179.906,  189.902,  199.911,  189.907, ]
 [ 134.460,  135.517,  132.525,  135.917,  145.551,  145.503,  155.836, ]
 [ -48.000,  -40.000,  0.000,  -48.000,  -40.000,  0.000,  -40.000, ]
]
Average speed = 22.5m/s
Seconds = 4.63498187065
Minutes = 0.0772496978442
Distance = 104.284189939m

Mon Jun  8 08:06:46 2020)
[ [ 177.865,  126.350,  132.099,  154.551,  143.800,  106.384,  144.979, ]
 [ 190.000,  200.000,  190.000,  180.000,  180.000,  180.000,  180.000, ]
 [ 190.000,  200.000,  190.000,  180.000,  180.000,  180.000,  180.000, ]
 [ 180.000,  180.000,  180.000,  200.000,  180.000,  180.000,  180.000, ]
 [ 180.000,  180.000,  180.000,  180.000,  200.000,  190.000,  190.000, ]
 [ 180.000,  180.000,  180.000,  180.000,  190.000,  200.000,  190.000, ]
 [ 179.934,  179.950,  179.857,  179.537,  189.928,  189.401,  199.980, ]
 [ -192.781,  -224.886,  -217.242,  -217.585,  -218.658,  -219.903,  -220.477, ]
]
Average speed = 25.0m/s
Seconds = 194.332716942
Minutes = 3.2388786157
Distance = 4858.31344724m

Mon Jun  8 08:13:03 2020)
[ [ 200.000,  190.000,  190.000,  180.000,  180.000,  180.000,  180.000, ]
 [ 190.000,  200.000,  190.000,  180.000,  180.000,  180.000,  180.000, ]
 [ 190.000,  200.000,  190.000,  180.000,  180.000,  180.000,  180.000, ]
 [ 180.000,  180.000,  180.000,  200.000,  180.000,  180.000,  180.000, ]
 [ 180.000,  180.000,  180.000,  180.000,  200.000,  190.000,  190.000, ]
 [ 180.000,  180.000,  180.000,  180.000,  190.000,  200.000,  190.000, ]
 [ 179.944,  179.911,  179.907,  179.945,  189.917,  189.882,  199.949, ]
 [ -192.781,  -191.717,  -197.877,  -187.225,  -217.242,  -184.627,  -191.422, ]
]
Average speed = 25.0m/s
Seconds = 238.160004139
Minutes = 3.96933340232
Distance = 5953.99605036m

Mon Jun  8 08:16:56 2020)
[ [ 199.996,  189.787,  189.630,  179.514,  179.141,  137.771,  177.325, ]
 [ 190.000,  200.000,  190.000,  180.000,  180.000,  180.000,  180.000, ]
 [ 190.000,  200.000,  190.000,  180.000,  180.000,  180.000,  180.000, ]
 [ 180.000,  180.000,  180.000,  200.000,  180.000,  180.000,  180.000, ]
 [ 180.000,  180.000,  180.000,  180.000,  200.000,  190.000,  190.000, ]
 [ 180.000,  180.000,  180.000,  180.000,  190.000,  200.000,  190.000, ]
 [ 180.000,  180.000,  180.000,  180.000,  190.000,  190.000,  200.000, ]
 [ -184.627,  -184.935,  -176.131,  -159.147,  -178.273,  -174.380,  -171.337, ]
]
Average speed = 22.5m/s
Seconds = 194.42985487
Minutes = 3.24049758116
Distance = 4374.66350019m

Mon Jun  8 08:22:29 2020)
[ [ 196.333,  184.650,  155.289,  166.495,  170.524,  162.232,  172.330, ]
 [ 190.000,  200.000,  190.000,  180.000,  180.000,  180.000,  180.000, ]
 [ 190.000,  200.000,  190.000,  180.000,  180.000,  180.000,  180.000, ]
 [ 180.000,  180.000,  180.000,  200.000,  180.000,  180.000,  180.000, ]
 [ 180.000,  180.000,  180.000,  180.000,  200.000,  190.000,  190.000, ]
 [ 180.000,  180.000,  180.000,  180.000,  190.000,  200.000,  190.000, ]
 [ 179.999,  179.999,  180.000,  179.999,  189.999,  189.999,  -39.601, ]
 [ -150.653,  -116.800,  -128.717,  -128.717,  -124.173,  -122.944,  -116.880, ]
]
Average speed = 22.5m/s
Seconds = 317.67748785
Minutes = 5.2946247975
Distance = 7147.74208188m

Mon Jun  8 08:22:56 2020)
[ [ 0.000,  0.000,  0.000,  0.000,  0.000,  0.000,  0.000, ]
 [ 0.000,  0.000,  0.000,  0.000,  0.000,  0.000,  0.000, ]
 [ 160.000,  160.000,  160.000,  160.000,  160.000,  160.000,  160.000, ]
 [ 167.164,  151.489,  168.348,  165.419,  40.209,  159.665,  166.187, ]
 [ 0.000,  0.000,  0.000,  0.000,  0.000,  0.000,  0.000, ]
 [ 0.000,  0.000,  0.000,  0.000,  0.000,  0.000,  0.000, ]
 [ 0.000,  0.000,  0.000,  0.000,  0.000,  0.000,  0.000, ]
 [ 0.000,  0.000,  0.000,  0.000,  0.000,  0.000,  0.000, ]
]
Average speed = 22.5m/s
Seconds = 0.977205991745
Minutes = 0.0162867665291
Distance = 21.9853109121m

Mon Jun  8 08:25:45 2020)
[ [ 80.000,  80.000,  80.000,  80.000,  80.000,  80.000,  80.000, ]
 [ 120.000,  120.000,  120.000,  120.000,  120.000,  120.000,  120.000, ]
 [ 160.000,  160.000,  160.000,  160.000,  160.000,  160.000,  160.000, ]
 [ 200.000,  200.000,  200.000,  200.000,  200.000,  200.000,  200.000, ]
 [ 160.000,  160.000,  160.000,  160.000,  160.000,  160.000,  160.000, ]
 [ -468.782,  120.000,  120.000,  120.000,  119.999,  120.000,  120.000, ]
 [ 80.000,  80.000,  80.000,  80.000,  80.000,  -30.329,  80.000, ]
 [ -669.219,  -656.280,  -660.016,  -665.112,  -666.949,  -654.714,  -666.830, ]
]
Average speed = 22.5m/s
Seconds = 147.183078051
Minutes = 2.45305130084
Distance = 3311.45820022m

Mon Jun  8 08:27:42 2020)
[ [ 0.000,  0.000,  0.000,  0.000,  0.000,  0.000,  0.000, ]
 [ 0.000,  0.000,  0.000,  0.000,  0.000,  0.000,  0.000, ]
 [ 184.321,  194.025,  184.032,  174.323,  174.294,  174.319,  174.324, ]
 [ 0.000,  0.000,  0.000,  0.000,  0.000,  0.000,  0.000, ]
 [ 0.000,  0.000,  0.000,  0.000,  0.000,  0.000,  0.000, ]
 [ 0.000,  0.000,  0.000,  0.000,  0.000,  0.000,  0.000, ]
 [ 0.000,  0.000,  0.000,  0.000,  0.000,  0.000,  0.000, ]
 [ 0.000,  0.000,  0.000,  0.000,  0.000,  0.000,  0.000, ]
]
Average speed = 22.5m/s
Seconds = 0.537395954132
Minutes = 0.00895659923553
Distance = 12.0847034454m

Mon Jun  8 08:31:27 2020)
[ [ 200.000,  190.000,  190.000,  180.000,  180.000,  180.000,  180.000, ]
 [ 190.000,  200.000,  190.000,  180.000,  180.000,  180.000,  180.000, ]
 [ 190.000,  200.000,  190.000,  180.000,  180.000,  180.000,  180.000, ]
 [ 180.000,  180.000,  180.000,  200.000,  180.000,  180.000,  180.000, ]
 [ 180.000,  180.000,  180.000,  180.000,  200.000,  190.000,  190.000, ]
 [ 180.000,  180.000,  180.000,  180.000,  190.000,  200.000,  190.000, ]
 [ 180.000,  180.000,  180.000,  180.000,  190.000,  190.000,  200.000, ]
 [ -347.426,  -346.431,  -351.567,  -329.846,  -325.226,  -325.178,  -325.704, ]
]
Average speed = 22.5m/s
Seconds = 209.889251947
Minutes = 3.49815419912
Distance = 4722.50569582m

Mon Jun  8 08:34:53 2020)
[ [ -49.931,  190.000,  190.000,  179.999,  180.000,  180.000,  180.000, ]
 [ 190.000,  199.981,  190.000,  180.000,  180.000,  180.000,  180.000, ]
 [ 190.000,  200.000,  190.000,  180.000,  180.000,  180.000,  180.000, ]
 [ 180.000,  180.000,  180.000,  200.000,  180.000,  180.000,  180.000, ]
 [ 180.000,  180.000,  180.000,  180.000,  200.000,  190.000,  190.000, ]
 [ 180.000,  180.000,  180.000,  180.000,  190.000,  200.000,  190.000, ]
 [ 180.000,  180.000,  180.000,  180.000,  190.000,  190.000,  200.000, ]
 [ -163.703,  -168.836,  -157.731,  -150.653,  -158.097,  -158.085,  -129.082, ]
]
Average speed = 20.0m/s
Seconds = 176.02105093
Minutes = 2.93368418217
Distance = 3520.41646004m

Mon Jun  8 08:39:51 2020)
[ [ 200.000,  190.000,  190.000,  180.000,  -38.588,  180.000,  179.997, ]
 [ 190.000,  200.000,  190.000,  180.000,  180.000,  180.000,  180.000, ]
 [ 190.000,  200.000,  190.000,  180.000,  180.000,  180.000,  180.000, ]
 [ 180.000,  180.000,  180.000,  200.000,  180.000,  180.000,  180.000, ]
 [ 180.000,  180.000,  180.000,  180.000,  200.000,  190.000,  190.000, ]
 [ 180.000,  180.000,  180.000,  180.000,  190.000,  200.000,  190.000, ]
 [ 180.000,  180.000,  180.000,  180.000,  190.000,  190.000,  200.000, ]
 [ -124.173,  -124.111,  -124.406,  -122.944,  -115.264,  -129.874,  -116.864, ]
]
Average speed = 20.0m/s
Seconds = 219.098335981
Minutes = 3.65163893302
Distance = 4381.96343899m

Mon Jun  8 08:41:29 2020)
[ [ 0.000,  0.000,  0.000,  0.000,  0.000,  0.000,  0.000, ]
 [ 0.000,  0.000,  0.000,  0.000,  0.000,  0.000,  0.000, ]
 [ 0.000,  0.000,  0.000,  0.000,  0.000,  0.000,  0.000, ]
 [ 0.000,  0.000,  0.000,  0.000,  0.000,  0.000,  0.000, ]
 [ 0.000,  0.000,  0.000,  0.000,  0.000,  0.000,  0.000, ]
 [ 0.000,  0.000,  0.000,  0.000,  0.000,  0.000,  0.000, ]
 [ 0.000,  0.000,  0.000,  0.000,  0.000,  0.000,  0.000, ]
 [ 0.000,  0.000,  0.000,  0.000,  0.000,  0.000,  0.000, ]
]
Average speed = 20.0m/s
Seconds = 0.0304811000824
Minutes = 0.000508018334707
Distance = 0.607199668884m

Mon Jun  8 08:41:44 2020)
[ [ 0.000,  0.000,  0.000,  0.000,  0.000,  0.000,  0.000, ]
 [ 0.000,  0.000,  0.000,  0.000,  0.000,  0.000,  0.000, ]
 [ 1000.000,  1000.000,  1000.000,  1000.000,  1000.000,  1000.000,  1000.000, ]
 [ 0.000,  0.000,  0.000,  0.000,  0.000,  0.000,  0.000, ]
 [ 0.000,  0.000,  0.000,  0.000,  0.000,  0.000,  0.000, ]
 [ 0.000,  0.000,  0.000,  0.000,  0.000,  0.000,  0.000, ]
 [ 0.000,  0.000,  0.000,  0.000,  0.000,  0.000,  0.000, ]
 [ 0.000,  0.000,  0.000,  0.000,  0.000,  0.000,  0.000, ]
]
Average speed = 20.0m/s
Seconds = 0.807380914688
Minutes = 0.0134563485781
Distance = 16.1447572708m

Mon Jun  8 08:44:32 2020)
[ [ -193.200,  -193.146,  -193.214,  -193.065,  -193.097,  -193.137,  -193.076, ]
 [ 0.000,  0.000,  0.000,  0.000,  0.000,  0.000,  0.000, ]
 [ 1000.000,  1760.000,  1000.000,  1000.000,  1000.000,  1000.000,  1000.000, ]
 [ 2000.000,  2000.000,  2000.000,  2000.000,  2000.000,  2000.000,  2000.000, ]
 [ 1000.000,  1000.000,  1000.000,  1000.000,  1000.000,  1000.000,  1000.000, ]
 [ -0.000,  -0.000,  -0.000,  0.000,  0.000,  0.000,  0.000, ]
 [ -200.000,  -200.000,  -200.000,  -200.000,  -200.000,  -200.000,  -200.000, ]
 [ -7578.675,  -7538.840,  -7457.248,  -7546.093,  -7557.911,  -7538.656,  -7549.604, ]
]
Average speed = 20.0m/s
Seconds = 156.672672033
Minutes = 2.61121120056
Distance = 3133.45204353m

Mon Jun  8 08:50:43 2020)
[ [ -199.942,  -199.941,  -199.942,  -199.939,  -199.941,  -199.942,  -199.942, ]
 [ 0.000,  -0.000,  0.000,  0.000,  0.000,  0.000,  0.000, ]
 [ 1000.000,  1000.000,  1000.000,  1000.000,  1000.000,  1000.000,  1000.000, ]
 [ 2000.000,  2000.000,  2000.000,  2000.000,  2000.000,  2000.000,  2000.000, ]
 [ 1000.000,  1000.000,  1000.000,  1000.000,  1000.000,  1000.000,  1000.000, ]
 [ -0.000,  -0.000,  -0.000,  -0.000,  0.000,  0.000,  0.000, ]
 [ -200.000,  -200.000,  -200.000,  -200.000,  -200.000,  -200.000,  -200.000, ]
 [ -7307.720,  -7256.907,  -7241.911,  -7223.256,  -7320.147,  -7303.365,  -7217.041, ]
]
Average speed = 20.0m/s
Seconds = 162.333595037
Minutes = 2.70555991729
Distance = 3246.67068005m

Mon Jun  8 08:53:36 2020)
[ [ 200.000,  200.000,  200.000,  200.000,  -229.116,  200.000,  200.000, ]
 [ 200.000,  200.000,  200.000,  200.000,  200.000,  200.000,  200.000, ]
 [ 200.000,  200.000,  200.000,  200.000,  200.000,  200.000,  200.000, ]
 [ 200.000,  200.000,  200.000,  200.000,  200.000,  200.000,  200.000, ]
 [ 200.000,  200.000,  200.000,  200.000,  200.000,  200.000,  200.000, ]
 [ 200.000,  200.000,  200.000,  200.000,  200.000,  200.000,  200.000, ]
 [ 200.000,  200.000,  200.000,  200.000,  200.000,  200.000,  200.000, ]
 [ -1285.720,  -1291.557,  -1286.119,  -1312.758,  -1295.895,  -1312.720,  -1313.815, ]
]
Average speed = 20.0m/s
Seconds = 131.581795931
Minutes = 2.19302993218
Distance = 2631.63182259m

<----------------------------------- WORKED --------------------------------------->
Mon Jun  8 08:57:28 2020)
[ [ 200.000,  190.000,  190.000,  180.000,  180.000,  180.000,  180.000, ]
 [ 190.000,  200.000,  190.000,  180.000,  180.000,  180.000,  180.000, ]
 [ 190.000,  200.000,  190.000,  180.000,  180.000,  180.000,  180.000, ]
 [ 180.000,  180.000,  180.000,  200.000,  180.000,  180.000,  180.000, ]
 [ 180.000,  180.000,  180.000,  180.000,  200.000,  190.000,  190.000, ]
 [ 180.000,  180.000,  180.000,  180.000,  190.000,  200.000,  190.000, ]
 [ 180.000,  180.000,  180.000,  180.000,  190.000,  190.000,  200.000, ]
 [ -217.587,  -217.242,  -219.088,  -219.971,  -218.873,  -217.242,  -192.781, ]
]
Average speed = 20.0m/s
Seconds = 211.659165859
Minutes = 3.52765276432
Distance = 4233.18193913m
<---------------------------------------------------------------------------------->

Mon Jun  8 09:01:49 2020)
[ [ 200.000,  200.000,  199.938,  200.000,  5.095,  200.000,  192.204, ]
 [ 200.000,  200.000,  200.000,  200.000,  200.000,  200.000,  200.000, ]
 [ 200.000,  200.000,  200.000,  200.000,  200.000,  200.000,  200.000, ]
 [ 400.000,  398.464,  400.000,  400.000,  400.000,  400.000,  400.000, ]
 [ 200.001,  200.001,  200.001,  200.001,  200.001,  200.001,  200.001, ]
 [ 200.283,  200.290,  200.290,  200.022,  -776.625,  200.283,  200.280, ]
 [ 242.185,  243.575,  208.759,  242.214,  243.226,  217.753,  242.373, ]
 [ -1010.548,  -1017.166,  -1007.821,  -997.408,  -995.795,  -1003.599,  -1013.086, ]
]
Average speed = 20.0m/s
Seconds = 145.14688015
Minutes = 2.41911466916
Distance = 2902.93506145m

Mon Jun  8 09:05:25 2020)
[ [ 200.000,  200.000,  200.000,  200.000,  200.000,  200.000,  200.000, ]
 [ 400.000,  400.000,  400.000,  400.000,  400.000,  400.000,  400.000, ]
 [ 800.000,  800.000,  800.000,  800.000,  800.000,  800.000,  800.000, ]
 [ 1600.000,  1600.000,  1600.000,  1600.000,  1600.000,  1600.000,  1600.000, ]
 [ 800.000,  800.000,  800.000,  800.000,  800.000,  800.000,  800.000, ]
 [ 400.000,  400.000,  400.000,  400.000,  400.000,  400.000,  400.000, ]
 [ 200.000,  200.000,  200.000,  200.000,  200.000,  200.000,  200.000, ]
 [ -2567.531,  -2610.877,  -2595.010,  -2554.021,  -2565.438,  -2553.847,  -2553.220, ]
]
Average speed = 20.0m/s
Seconds = 144.118914843
Minutes = 2.40198191404
Distance = 2882.37707615m

Mon Jun  8 09:09:47 2020)
[ [ 0.000,  0.000,  0.000,  0.000,  0.000,  0.000,  0.000, ]
 [ 0.000,  0.000,  0.000,  0.000,  0.000,  0.000,  0.000, ]
 [ 0.000,  0.000,  0.000,  0.000,  0.000,  0.000,  0.000, ]
 [ 200.000,  200.000,  200.000,  200.000,  200.000,  200.000,  200.000, ]
 [ 0.000,  0.000,  0.000,  0.000,  0.000,  0.000,  0.000, ]
 [ 0.000,  0.000,  0.000,  0.000,  0.000,  0.000,  0.000, ]
 [ 0.000,  0.000,  0.000,  0.000,  0.000,  0.000,  0.000, ]
 [ -1153.791,  -1143.414,  -1131.013,  -1130.205,  -1150.274,  -1155.997,  -1134.421, ]
]
Average speed = 20.0m/s
Seconds = 144.82107091
Minutes = 2.41368451516
Distance = 2896.41756058m

Mon Jun  8 09:20:08 2020)
[ [ -713.337,  14.549,  20.164,  20.162,  20.160,  20.160,  20.163, ]
 [ 41.718,  41.729,  41.778,  41.727,  41.789,  41.777,  41.786, ]
 [ 60.000,  60.000,  60.000,  60.000,  60.000,  60.000,  60.000, ]
 [ 80.000,  80.000,  80.000,  80.000,  80.000,  80.000,  80.000, ]
 [ 60.013,  60.013,  60.013,  60.013,  60.013,  60.013,  44.791, ]
 [ 40.269,  40.263,  40.193,  40.272,  40.266,  40.274,  40.264, ]
 [ 20.089,  20.091,  20.089,  -120.583,  20.088,  -711.917,  20.062, ]
 [ -883.287,  -887.676,  -885.098,  -849.328,  -885.366,  -845.861,  -855.505, ]
]
Average speed = 20.0m/s
Seconds = 487.347552061
Minutes = 8.12245920102
Distance = 9746.94966316m

Mon Jun  8 09:45:17 2020)
[ [ 20.000,  20.000,  20.000,  20.000,  20.000,  20.000,  20.000, ]
 [ 40.000,  40.000,  40.000,  40.000,  40.000,  40.000,  40.000, ]
 [ 60.000,  60.000,  60.000,  60.000,  60.000,  60.000,  60.000, ]
 [ 79.806,  79.762,  79.835,  79.815,  79.826,  79.799,  79.832, ]
 [ 60.000,  60.000,  60.000,  60.000,  60.000,  60.000,  60.000, ]
 [ 40.000,  40.000,  40.000,  40.000,  40.000,  40.000,  40.000, ]
 [ 20.000,  20.000,  20.000,  20.000,  20.000,  20.000,  20.000, ]
 [ -156.800,  -80.000,  -96.000,  -99.200,  -80.000,  -172.160,  -80.000, ]
]
Average speed = 20.0m/s
Seconds = 11.9464950562
Minutes = 0.199108250936
Distance = 238.928360939m

Mon Jun  8 09:48:06 2020)
[ [ 20.000,  20.000,  20.000,  20.000,  20.000,  20.000,  20.000, ]
 [ 40.000,  40.000,  40.000,  40.000,  40.000,  40.000,  40.000, ]
 [ 60.000,  60.000,  60.000,  60.000,  60.000,  60.000,  60.000, ]
 [ 80.000,  80.000,  80.000,  80.000,  80.000,  80.000,  80.000, ]
 [ 60.000,  60.000,  60.000,  60.000,  60.000,  60.000,  60.000, ]
 [ 40.000,  40.000,  40.000,  40.000,  40.000,  40.000,  40.000, ]
 [ 19.961,  19.958,  19.943,  19.957,  19.956,  19.963,  19.957, ]
 [ -80.000,  -96.000,  -99.840,  -80.000,  -96.000,  -80.000,  0.000, ]
]
Average speed = 20.0m/s
Seconds = 9.84884405136
Minutes = 0.164147400856
Distance = 196.9749403m

Mon Jun  8 09:50:15 2020)
[ [ 20.000,  20.000,  20.000,  20.000,  20.000,  20.000,  20.000, ]
 [ 40.000,  40.000,  40.000,  40.000,  40.000,  40.000,  40.000, ]
 [ 60.000,  60.000,  60.000,  60.000,  60.000,  60.000,  60.000, ]
 [ 78.460,  78.694,  78.628,  78.739,  78.361,  78.345,  78.365, ]
 [ 60.000,  60.000,  60.000,  60.000,  60.000,  60.000,  60.000, ]
 [ 39.904,  39.902,  39.907,  39.899,  39.919,  39.920,  39.899, ]
 [ 17.615,  17.522,  16.921,  17.249,  17.039,  17.214,  17.431, ]
 [ -80.000,  -80.000,  -80.000,  -80.000,  -96.000,  -160.000,  -80.000, ]
]
Average speed = 20.0m/s
Seconds = 6.71350693703
Minutes = 0.111891782284
Distance = 134.269037247m

Mon Jun  8 09:59:21 2020)
[ [ 20.000,  20.000,  20.000,  20.000,  20.000,  20.000,  20.000, ]
 [ 40.000,  40.000,  40.000,  40.000,  40.000,  40.000,  40.000, ]
 [ 60.000,  60.000,  60.000,  60.000,  60.000,  60.000,  60.000, ]
 [ 80.000,  80.000,  80.000,  80.000,  80.000,  80.000,  80.000, ]
 [ 60.000,  60.000,  60.000,  60.000,  60.000,  60.000,  60.000, ]
 [ 40.000,  40.000,  40.000,  40.000,  40.000,  40.000,  40.000, ]
 [ 20.000,  20.000,  20.000,  20.000,  20.000,  20.000,  20.000, ]
 [ -698.372,  -651.135,  -667.889,  -659.078,  -704.439,  -702.799,  -692.498, ]
]
Average speed = 20.0m/s
Seconds = 64.9291357994
Minutes = 1.08215226332
Distance = 1298.58163834m

Mon Jun  8 10:00:09 2020)
[ [ 19.948,  19.956,  19.957,  19.959,  19.950,  19.956,  19.951, ]
 [ 40.000,  40.000,  40.000,  40.000,  40.000,  40.000,  40.000, ]
 [ 60.000,  60.000,  60.000,  60.000,  60.000,  60.000,  60.000, ]
 [ 78.750,  78.841,  78.701,  78.604,  78.793,  78.927,  78.343, ]
 [ 59.998,  59.998,  59.998,  59.997,  59.998,  59.997,  59.998, ]
 [ 0.000,  0.000,  0.000,  0.000,  0.000,  0.000,  0.000, ]
 [ 0.000,  0.000,  0.000,  0.000,  0.000,  0.000,  0.000, ]
 [ -80.000,  0.000,  0.000,  -96.000,  -96.000,  0.000,  -80.000, ]
]
Average speed = 20.0m/s
Seconds = 4.76432085037
Minutes = 0.0794053475062
Distance = 95.2851390839m

Mon Jun  8 10:05:15 2020)
[ [ 17.346,  17.309,  16.842,  35.212,  16.909,  17.217,  17.516, ]
 [ 40.000,  40.000,  40.000,  40.000,  40.000,  40.000,  40.000, ]
 [ 60.000,  60.000,  60.000,  60.000,  60.000,  60.000,  60.000, ]
 [ 0.000,  0.000,  0.000,  0.000,  0.000,  0.000,  0.000, ]
 [ 59.997,  59.997,  59.997,  59.998,  59.997,  59.997,  59.998, ]
 [ 39.313,  39.093,  39.263,  39.289,  39.153,  39.278,  39.222, ]
 [ 0.000,  0.000,  0.000,  0.000,  0.000,  0.000,  0.000, ]
 [ -80.000,  0.000,  -80.000,  0.000,  0.000,  0.000,  0.000, ]
]
Average speed = 20.0m/s
Seconds = 3.79776000977
Minutes = 0.0632960001628
Distance = 75.954079628m

Mon Jun  8 10:08:24 2020)
[ [ 0.000,  0.000,  0.000,  0.000,  0.000,  0.000,  0.000, ]
 [ 0.000,  0.000,  0.000,  0.000,  0.000,  0.000,  0.000, ]
 [ 0.000,  0.000,  0.000,  0.000,  0.000,  0.000,  0.000, ]
 [ 0.000,  0.000,  0.000,  0.000,  0.000,  0.000,  0.000, ]
 [ 0.000,  0.000,  0.000,  0.000,  0.000,  0.000,  0.000, ]
 [ 0.000,  0.000,  0.000,  0.000,  0.000,  0.000,  0.000, ]
 [ 0.000,  0.000,  0.000,  0.000,  0.000,  0.000,  0.000, ]
 [ 0.000,  0.000,  0.000,  0.000,  0.000,  0.000,  0.000, ]
]
Average speed = 20.0m/s
Seconds = 0.0325169563293
Minutes = 0.000541949272156
Distance = 0.644679069519m

Mon Jun  8 10:09:06 2020)
[ [ 0.000,  0.000,  0.000,  0.000,  0.000,  0.000,  0.000, ]
 [ 0.000,  0.000,  0.000,  0.000,  0.000,  0.000,  0.000, ]
 [ 0.000,  0.000,  0.000,  0.000,  0.000,  0.000,  0.000, ]
 [ 0.000,  0.000,  0.000,  0.000,  0.000,  0.000,  0.000, ]
 [ 0.000,  0.000,  0.000,  0.000,  0.000,  0.000,  0.000, ]
 [ 0.000,  0.000,  0.000,  0.000,  0.000,  0.000,  0.000, ]
 [ 0.000,  0.000,  0.000,  0.000,  0.000,  0.000,  0.000, ]
 [ 0.000,  0.000,  0.000,  0.000,  0.000,  0.000,  0.000, ]
]
Average speed = 20.0m/s
Seconds = 0.0162780284882
Minutes = 0.000271300474803
Distance = 0.324501991272m

Mon Jun  8 10:09:15 2020)
[ [ 0.000,  0.000,  0.000,  0.000,  0.000,  0.000,  0.000, ]
 [ 0.000,  0.000,  0.000,  0.000,  0.000,  0.000,  0.000, ]
 [ 0.000,  0.000,  0.000,  0.000,  0.000,  0.000,  0.000, ]
 [ 0.000,  0.000,  0.000,  0.000,  0.000,  0.000,  0.000, ]
 [ 0.000,  0.000,  0.000,  0.000,  0.000,  0.000,  0.000, ]
 [ 0.000,  0.000,  0.000,  0.000,  0.000,  0.000,  0.000, ]
 [ 0.000,  0.000,  0.000,  0.000,  0.000,  0.000,  0.000, ]
 [ 0.000,  0.000,  0.000,  0.000,  0.000,  0.000,  0.000, ]
]
Average speed = 20.0m/s
Seconds = 0.0227420330048
Minutes = 0.000379033883413
Distance = 0.453901290894m

Mon Jun  8 10:09:59 2020)
[ [ 19.984,  19.987,  -76.003,  19.987,  19.983,  19.983,  19.984, ]
 [ 40.000,  40.000,  40.000,  40.000,  40.000,  8.800,  40.000, ]
 [ 67.316,  67.368,  67.270,  67.393,  67.331,  67.624,  67.367, ]
 [ 80.000,  80.000,  80.000,  63.994,  80.000,  80.000,  80.000, ]
 [ 60.000,  60.000,  60.000,  43.989,  60.000,  60.000,  60.000, ]
 [ 40.000,  40.000,  40.000,  40.000,  40.000,  40.000,  -218.975, ]
 [ -151.404,  19.925,  19.936,  19.936,  19.936,  19.927,  19.924, ]
 [ -332.426,  -401.800,  -359.538,  -412.607,  -336.003,  -404.996,  -404.156, ]
]
Average speed = 20.0m/s
Seconds = 4.31226110458
Minutes = 0.0718710184097
Distance = 86.2441587448m

Mon Jun  8 10:12:07 2020)
[ [ 19.934,  19.931,  19.906,  19.929,  19.919,  19.903,  19.935, ]
 [ 40.000,  40.000,  40.000,  40.000,  40.000,  40.000,  8.800, ]
 [ 60.000,  60.000,  43.957,  60.000,  60.000,  60.000,  60.000, ]
 [ 79.800,  79.835,  79.784,  79.784,  18.362,  79.761,  79.815, ]
 [ 13.598,  59.989,  59.985,  59.987,  59.987,  59.988,  59.988, ]
 [ 39.984,  39.983,  8.797,  39.982,  39.982,  39.983,  39.983, ]
 [ 19.809,  19.830,  19.825,  19.846,  19.840,  -76.045,  19.804, ]
 [ -99.994,  -99.200,  -99.968,  -99.968,  -99.200,  -99.840,  0.000, ]
]
Average speed = 20.0m/s
Seconds = 2.02427506447
Minutes = 0.0337379177411
Distance = 40.484457016m

Mon Jun  8 10:12:57 2020)
[ [ 0.000,  0.000,  0.000,  0.000,  0.000,  0.000,  0.000, ]
 [ 0.000,  0.000,  0.000,  0.000,  0.000,  0.000,  0.000, ]
 [ 58.955,  58.790,  58.922,  57.975,  59.030,  59.011,  59.041, ]
 [ 0.000,  0.000,  0.000,  0.000,  0.000,  0.000,  0.000, ]
 [ 0.000,  0.000,  0.000,  0.000,  0.000,  0.000,  0.000, ]
 [ 0.000,  0.000,  0.000,  0.000,  0.000,  0.000,  0.000, ]
 [ 0.000,  0.000,  0.000,  0.000,  0.000,  0.000,  0.000, ]
 [ 0.000,  0.000,  0.000,  0.000,  0.000,  0.000,  0.000, ]
]
Average speed = 20.0m/s
Seconds = 2.46532988548
Minutes = 0.0410888314247
Distance = 49.305357933m

Mon Jun  8 10:17:02 2020)
[ [ 20.000,  20.000,  -148.960,  20.000,  20.000,  20.000,  20.000, ]
 [ 40.000,  40.000,  40.000,  40.000,  23.999,  40.000,  40.000, ]
 [ 60.000,  60.000,  60.000,  60.000,  73.605,  60.000,  60.000, ]
 [ 63.996,  79.980,  79.972,  79.981,  79.980,  79.982,  79.974, ]
 [ 60.000,  60.000,  60.000,  44.000,  60.000,  60.000,  60.000, ]
 [ 40.000,  40.000,  40.000,  40.000,  40.000,  23.995,  40.000, ]
 [ 20.000,  -151.392,  20.000,  20.000,  20.000,  20.000,  20.000, ]
 [ -193.583,  -236.160,  -156.800,  -184.320,  -236.672,  -237.133,  -175.232, ]
]
Average speed = 20.0m/s
Seconds = 5.32043004036
Minutes = 0.088673834006
Distance = 106.407241821m

Mon Jun  8 10:19:33 2020)
[ [ 30.312,  29.838,  29.797,  29.814,  29.801,  29.798,  29.801, ]
 [ 39.992,  39.991,  39.991,  39.987,  39.990,  39.992,  39.988, ]
 [ 60.000,  60.000,  60.000,  60.000,  60.000,  60.000,  60.000, ]
 [ 69.923,  69.656,  70.156,  67.803,  70.449,  67.776,  66.785, ]
 [ 58.163,  58.334,  58.001,  58.318,  58.123,  13.245,  58.244, ]
 [ 37.388,  8.267,  36.813,  37.293,  37.161,  37.472,  36.528, ]
 [ 18.116,  18.123,  17.982,  18.036,  18.057,  17.887,  18.042, ]
 [ 0.000,  0.000,  -80.000,  -80.000,  -96.000,  -80.000,  0.000, ]
]
Average speed = 20.0m/s
Seconds = 4.20723009109
Minutes = 0.0701205015182
Distance = 84.1436195374m

Mon Jun  8 10:57:20 2020)
[ [ -66.909,  -70.594,  0.000,  -57.848,  0.000,  15.012,  0.000, ]
 [ 0.800,  0.000,  17.610,  14.984,  0.000,  12.051,  0.000, ]
 [ 36.652,  38.606,  31.253,  36.252,  22.083,  38.910,  39.321, ]
 [ 0.000,  2.400,  0.000,  0.000,  0.000,  0.000,  0.000, ]
 [ 0.000,  0.000,  3.616,  0.000,  1.600,  0.000,  25.242, ]
 [ 0.000,  -80.000,  1.600,  0.000,  0.000,  0.000,  0.000, ]
 [ 0.000,  0.000,  0.000,  0.000,  0.000,  0.000,  0.000, ]
 [ 0.000,  17.622,  0.800,  0.000,  0.000,  29.147,  -73.848, ]
]
Average speed = 20.0m/s
Seconds = 6.25641989708
Minutes = 0.104273664951
Distance = 125.127501488m

Mon Jun  8 10:59:23 2020)
[ [ 0.000,  0.000,  0.000,  -80.000,  0.000,  0.800,  0.000, ]
 [ 0.800,  0.000,  0.000,  1.600,  0.000,  0.000,  0.000, ]
 [ 0.000,  6.664,  3.200,  5.610,  7.944,  2.445,  0.000, ]
 [ 2.400,  0.000,  0.000,  0.000,  0.000,  0.000,  3.200, ]
 [ 0.000,  0.000,  0.000,  0.000,  2.400,  0.000,  1.600, ]
 [ 0.000,  5.113,  0.000,  1.600,  4.976,  3.740,  2.816, ]
 [ 0.000,  0.000,  0.000,  0.000,  0.000,  0.000,  0.000, ]
 [ 0.000,  6.664,  0.000,  0.000,  0.000,  -80.000,  0.000, ]
]
Average speed = 20.0m/s
Seconds = 2.34088301659
Minutes = 0.0390147169431
Distance = 46.8126630783m

Mon Jun  8 10:59:29 2020)
[ [ -7.966,  5.138,  -14.130,  1.408,  7.467,  -6.924,  0.000, ]
 [ 6.218,  -58.356,  6.475,  0.000,  5.006,  6.700,  7.216, ]
 [ 39.704,  35.158,  37.487,  12.713,  36.557,  41.228,  27.939, ]
 [ 0.000,  18.342,  12.999,  0.000,  9.395,  19.292,  23.019, ]
 [ 20.441,  22.603,  26.938,  14.528,  21.888,  33.860,  26.720, ]
 [ -60.540,  0.000,  -64.451,  19.615,  20.554,  26.001,  17.701, ]
 [ 0.000,  0.000,  0.000,  0.000,  25.854,  0.000,  0.000, ]
 [ -56.099,  28.055,  20.459,  14.573,  -62.400,  -80.000,  -13.240, ]
]
Average speed = 20.0m/s
Seconds = 12.3507637978
Minutes = 0.205846063296
Distance = 247.006497383m

Mon Jun  8 11:24:27 2020)
[ [ -94.042,  -77.599,  -78.947,  -91.091,  -142.062,  -75.356,  -66.029, ]
 [ -55.039,  -70.897,  -42.922,  -41.485,  7.376,  -68.137,  12.993, ]
 [ 45.696,  42.429,  48.418,  51.291,  36.854,  53.831,  42.802, ]
 [ 28.517,  25.462,  37.362,  34.308,  26.730,  36.007,  38.953, ]
 [ -22.134,  -19.285,  -18.333,  14.300,  -7.852,  -19.776,  -26.827, ]
 [ -57.143,  -51.441,  -64.237,  -61.182,  -106.609,  -125.173,  -70.286, ]
 [ -138.193,  -126.454,  -110.330,  -123.039,  -131.564,  -133.585,  -68.349, ]
 [ -124.743,  -120.496,  -58.135,  -130.074,  32.864,  -125.558,  -136.958, ]
]
Average speed = 20.0m/s
Seconds = 1469.2464931
Minutes = 24.4874415517
Distance = 29384.9283409m

Mon Jun  8 11:28:22 2020)
[ [ 0.000,  0.000,  0.000,  0.000,  0.000,  0.000,  0.000, ]
 [ 0.000,  0.000,  0.000,  0.000,  0.000,  0.000,  0.000, ]
 [ 600.000,  600.000,  600.000,  600.000,  600.000,  600.000,  600.000, ]
 [ 0.000,  0.000,  0.000,  0.000,  0.000,  0.000,  0.000, ]
 [ 0.000,  0.000,  0.000,  0.000,  0.000,  0.000,  0.000, ]
 [ 0.000,  0.000,  0.000,  0.000,  0.000,  0.000,  0.000, ]
 [ 0.000,  0.000,  0.000,  0.000,  0.000,  0.000,  0.000, ]
 [ 0.000,  0.000,  0.000,  0.000,  0.000,  0.000,  0.000, ]
]
Average speed = 20.0m/s
Seconds = 33.6944820881
Minutes = 0.561574701468
Distance = 673.888440132m

Mon Jun  8 11:31:53 2020)
[ [ 0.000,  0.000,  0.000,  0.000,  0.000,  0.000,  0.000, ]
 [ 0.000,  0.000,  0.000,  0.000,  0.000,  0.000,  0.000, ]
 [ 600.000,  600.000,  600.000,  600.000,  600.000,  600.000,  600.000, ]
 [ 0.000,  0.000,  0.000,  0.000,  0.000,  0.000,  0.000, ]
 [ 0.000,  0.000,  0.000,  0.000,  0.000,  0.000,  0.000, ]
 [ 0.000,  0.000,  0.000,  0.000,  0.000,  0.000,  0.000, ]
 [ 0.000,  0.000,  0.000,  0.000,  0.000,  0.000,  0.000, ]
 [ 0.000,  0.000,  0.000,  0.000,  0.000,  0.000,  0.000, ]
]
Average speed = 20.0m/s
Seconds = 52.4792351723
Minutes = 0.874653919538
Distance = 1049.58342075m

Mon Jun  8 11:34:14 2020)
[ [ 513.971,  465.427,  417.849,  520.526,  522.002,  513.667,  529.948, ]
 [ 552.347,  587.045,  519.836,  594.017,  537.805,  612.813,  555.330, ]
 [ 601.466,  623.784,  620.886,  613.619,  625.662,  625.937,  625.908, ]
 [ 623.300,  623.782,  585.783,  590.644,  597.843,  599.494,  594.334, ]
 [ 596.574,  592.764,  597.082,  597.035,  590.938,  564.002,  596.162, ]
 [ 566.399,  553.145,  338.473,  554.732,  558.116,  551.725,  532.121, ]
 [ 427.496,  414.075,  418.460,  429.607,  462.067,  572.745,  422.490, ]
 [ 368.624,  357.172,  300.780,  384.949,  410.385,  477.559,  582.259, ]
]
Average speed = 20.0m/s
Seconds = 63.297976017
Minutes = 1.05496626695
Distance = 1265.95842361m

Mon Jun  8 11:41:09 2020)
[ [ 414.161,  414.169,  463.037,  471.075,  417.553,  477.882,  402.816, ]
 [ 596.617,  602.965,  515.625,  601.041,  600.098,  514.197,  648.548, ]
 [ 696.719,  689.737,  691.791,  706.090,  741.685,  716.851,  705.342, ]
 [ 742.217,  713.168,  742.785,  728.346,  732.012,  736.628,  730.261, ]
 [ 710.927,  707.176,  706.044,  702.972,  677.715,  710.583,  706.376, ]
 [ 659.183,  355.358,  657.475,  655.678,  433.386,  614.360,  640.893, ]
 [ 604.767,  518.767,  450.436,  445.916,  589.889,  599.498,  427.410, ]
 [ 501.417,  420.043,  407.711,  399.197,  424.359,  441.288,  453.116, ]
]
Average speed = 20.0m/s
Seconds = 398.675832987
Minutes = 6.64459721645
Distance = 7973.51408005m

Mon Jun  8 11:52:07 2020)
[ [ 464.160,  435.449,  369.382,  471.014,  467.181,  446.952,  475.756, ]
 [ 654.802,  627.744,  645.227,  637.197,  618.667,  503.375,  650.678, ]
 [ 707.176,  699.975,  704.579,  683.660,  701.436,  707.152,  694.159, ]
 [ 704.217,  713.735,  677.982,  672.959,  715.260,  711.554,  698.853, ]
 [ 678.131,  713.847,  680.238,  680.117,  676.282,  677.393,  672.226, ]
 [ 631.138,  632.357,  398.695,  669.104,  657.647,  635.412,  490.390, ]
 [ 607.317,  494.968,  415.938,  518.313,  521.683,  620.648,  566.374, ]
 [ 435.687,  446.893,  441.300,  443.740,  443.636,  471.985,  368.016, ]
]
Average speed = 20.0m/s
Seconds = 584.539958
Minutes = 9.74233263334
Distance = 11690.7983398m

Mon Jun  8 11:52:13 2020)
[ [ -80.000,  0.000,  14.080,  0.000,  34.482,  18.701,  0.000, ]
 [ 0.000,  0.000,  0.000,  0.000,  8.000,  0.000,  22.213, ]
 [ 122.753,  132.242,  123.624,  42.240,  106.052,  56.102,  43.673, ]
 [ 0.000,  0.000,  0.000,  0.000,  0.000,  0.000,  0.000, ]
 [ 0.000,  0.000,  0.000,  0.000,  0.000,  0.000,  0.000, ]
 [ 0.000,  0.000,  0.000,  0.000,  0.000,  0.000,  0.000, ]
 [ 0.000,  0.000,  0.000,  0.000,  0.000,  0.000,  0.000, ]
 [ 0.000,  0.000,  0.000,  87.462,  0.000,  -80.000,  0.000, ]
]
Average speed = 20.0m/s
Seconds = 1.85316896439
Minutes = 0.0308861494064
Distance = 37.0619392395m

Mon Jun  8 12:02:22 2020)
[ [ 502.709,  492.123,  492.120,  502.826,  506.909,  491.967,  499.413, ]
 [ 519.053,  606.782,  495.585,  515.926,  594.318,  492.440,  501.024, ]
 [ 608.704,  672.168,  656.729,  670.902,  654.911,  656.941,  655.785, ]
 [ 652.695,  658.129,  648.722,  650.451,  656.512,  651.026,  652.205, ]
 [ 576.157,  595.404,  645.045,  598.007,  630.701,  584.941,  646.368, ]
 [ 522.287,  578.424,  500.263,  525.148,  567.287,  576.607,  509.080, ]
 [ 504.132,  509.346,  504.137,  501.175,  505.437,  501.089,  498.077, ]
 [ 507.231,  522.820,  627.463,  509.696,  630.923,  529.270,  634.817, ]
]
Average speed = 20.0m/s
Seconds = 587.033578873
Minutes = 9.78389298121
Distance = 11740.662756m

Mon Jun  8 12:12:17 2020)
[ [ 12.812,  -10.120,  13.283,  -40.272,  -113.593,  1.481,  -29.717, ]
 [ -18.843,  63.068,  61.486,  60.307,  68.442,  23.236,  68.929, ]
 [ 112.207,  120.163,  113.440,  106.705,  112.865,  109.793,  104.183, ]
 [ 110.559,  119.317,  108.992,  110.035,  117.555,  116.751,  119.834, ]
 [ 109.215,  108.540,  97.353,  100.390,  103.465,  108.377,  98.759, ]
 [ 81.544,  96.793,  13.635,  78.761,  88.366,  28.545,  -17.839, ]
 [ -18.384,  9.821,  -4.205,  -1.013,  -9.288,  -33.754,  -16.736, ]
 [ 94.720,  -16.008,  96.957,  -11.387,  2.745,  3.803,  -7.581, ]
]
Average speed = 20.0m/s
Seconds = 498.449807882
Minutes = 8.30749679804
Distance = 9968.99393559m

Mon Jun  8 12:19:56 2020)
[ [ 2022.314,  2031.322,  2069.120,  1863.112,  2028.432,  2072.052,  2067.577, ]
 [ 2297.609,  2312.554,  2034.503,  2328.336,  2312.515,  2124.551,  1944.895, ]
 [ 2559.901,  2701.790,  2553.296,  2578.440,  2552.753,  2562.321,  2376.014, ]
 [ 2742.735,  2754.455,  2646.754,  2749.161,  2704.882,  2680.486,  2732.756, ]
 [ 2521.118,  2705.784,  2690.012,  2544.162,  2777.628,  2687.349,  2470.634, ]
 [ 2468.179,  2405.681,  2445.947,  2511.624,  2376.808,  2086.018,  2132.453, ]
 [ 1770.588,  2022.334,  1986.197,  2043.109,  1754.881,  2033.293,  2162.321, ]
 [ 2145.399,  2499.587,  2456.162,  1882.864,  2017.852,  2133.288,  2145.648, ]
]
Average speed = 20.0m/s
Seconds = 361.414680004
Minutes = 6.02357800007
Distance = 7228.29262257m

Mon Jun  8 12:29:06 2020)
[ [ -99580.639,  -20033.357,  2671.948,  -14390.406,  -39967.529,  -26643.369,  -25614.739, ]
 [ 70283.645,  17169.374,  -36984.353,  21799.275,  17873.296,  17847.725,  53224.438, ]
 [ 84876.582,  91920.733,  93388.317,  91515.472,  101477.778,  94817.380,  93626.018, ]
 [ 109188.597,  112894.993,  115046.765,  106313.793,  111789.622,  110822.947,  90115.139, ]
 [ 100961.986,  84641.429,  105413.105,  85525.899,  101566.866,  101582.524,  85065.149, ]
 [ 7013.352,  64857.006,  3310.586,  84380.947,  79657.605,  79753.393,  69830.973, ]
 [ -25485.392,  67595.633,  -38165.579,  66029.284,  -89706.767,  64474.072,  -3500.070, ]
 [ 15640.654,  94004.319,  3388.918,  -13866.141,  -1792.435,  -7460.521,  22842.236, ]
]
Average speed = 20.0m/s
Seconds = 335.745408058
Minutes = 5.59575680097
Distance = 6714.90682125m

Mon Jun  8 12:35:38 2020)
[ [ -59271.136,  -88058.212,  9226.909,  -85494.552,  -7851.304,  9404.353,  -27115.212, ]
 [ 31316.081,  -15388.855,  13851.444,  14166.429,  15154.357,  30925.103,  13458.900, ]
 [ 93372.595,  89852.419,  91661.183,  46532.672,  91476.428,  85795.658,  43426.852, ]
 [ 94315.529,  124244.711,  108106.220,  101519.149,  108103.818,  109945.549,  115336.954, ]
 [ 73449.510,  85430.242,  84373.674,  82445.615,  86665.396,  83572.937,  83944.528, ]
 [ -25258.793,  15060.834,  75753.973,  70666.538,  17963.909,  32847.365,  64066.640, ]
 [ -46877.597,  77843.676,  64923.197,  -9058.104,  -56430.236,  -12290.862,  -73276.430, ]
 [ -72338.441,  -55408.629,  71428.890,  -56327.423,  -76501.021,  -78873.359,  92449.145, ]
]
Average speed = 20.0m/s
Seconds = 354.35255909
Minutes = 5.90587598483
Distance = 7087.05028057m

Mon Jun  8 12:42:47 2020)
[ [ 120.481,  35.608,  142.278,  164.304,  166.447,  157.050,  25.999, ]
 [ 191.547,  169.024,  130.669,  192.517,  191.027,  189.857,  174.350, ]
 [ 200.000,  199.999,  200.000,  200.000,  200.000,  194.076,  200.000, ]
 [ 199.977,  199.998,  199.999,  199.996,  199.997,  199.988,  199.998, ]
 [ 199.974,  199.996,  199.970,  199.999,  199.995,  199.997,  185.634, ]
 [ 184.992,  113.004,  173.584,  174.654,  185.412,  166.964,  184.324, ]
 [ 73.650,  17.144,  22.352,  70.754,  89.500,  78.661,  68.782, ]
 [ 16.915,  74.727,  107.935,  7.283,  26.834,  19.645,  73.965, ]
]
Average speed = 20.0m/s
Seconds = 383.387164116
Minutes = 6.3897860686
Distance = 7667.74224281m

Mon Jun  8 12:58:55 2020)
[ [ 153.246,  179.083,  170.002,  50.790,  0.929,  173.124,  160.493, ]
 [ 198.829,  199.565,  198.263,  180.277,  199.360,  187.197,  198.901, ]
 [ 199.999,  199.669,  200.000,  200.000,  200.000,  199.949,  200.000, ]
 [ 199.992,  199.998,  199.993,  199.998,  199.998,  199.998,  199.959, ]
 [ 199.200,  199.976,  197.432,  192.273,  187.791,  199.194,  186.198, ]
 [ 189.811,  155.140,  184.129,  186.928,  24.590,  177.576,  187.424, ]
 [ 56.590,  123.855,  14.073,  71.391,  -3.512,  13.947,  126.255, ]
 [ -30.388,  169.954,  23.336,  -17.042,  37.372,  39.996,  -24.218, ]
]
Average speed = 20.0m/s
Seconds = 895.279440165
Minutes = 14.9213240027
Distance = 17905.5863428m

Mon Jun  8 14:08:50 2020)
[ [ -50.452,  -92.177,  -29.089,  -413.336,  -398.092,  -411.502,  -399.283, ]
 [ 23.311,  -254.770,  58.243,  -90.960,  -22.941,  4.613,  21.432, ]
 [ 67.005,  66.918,  79.264,  42.931,  48.687,  66.995,  47.635, ]
 [ 82.616,  79.172,  55.274,  66.208,  79.761,  74.589,  69.597, ]
 [ 47.121,  47.624,  48.457,  49.740,  49.230,  50.350,  40.525, ]
 [ -108.924,  29.499,  11.614,  -379.617,  35.779,  -28.228,  31.679, ]
 [ -291.747,  -153.443,  -168.113,  -327.744,  -269.838,  -418.152,  -457.725, ]
 [ -471.954,  -469.481,  -457.075,  -424.069,  -411.233,  -466.684,  -419.529, ]
]
Average speed = 20.0m/s
Seconds = 4100.12510109
Minutes = 68.3354183515
Distance = 82002.5002623m