

Wed Jun  3 17:22:36 2020)
[ [ 0.000,  0.000,  0.000,  0.000,  0.000,  0.000, ]
 [ 0.000,  0.000,  0.000,  0.000,  0.000,  0.000, ]
 [ 0.000,  0.000,  0.000,  0.000,  0.000,  0.000, ]
 [ 0.000,  0.000,  0.000,  0.000,  0.000,  0.000, ]
 [ 0.000,  0.000,  0.000,  0.000,  0.000,  0.000, ]
 [ 0.000,  0.000,  0.000,  0.000,  0.000,  0.000, ]
]
Average speed = 22.5m/s
Seconds = 0.00841689109802
Minutes = 0.0001402815183
Distance = 0.187491774559m

Wed Jun  3 17:23:06 2020)
[ [ 0.000,  0.000,  0.000,  0.000,  0.000,  0.000, ]
 [ 0.000,  0.000,  0.000,  0.000,  0.000,  0.000, ]
 [ 0.000,  0.000,  0.000,  0.000,  0.000,  0.000, ]
 [ 0.000,  0.000,  0.000,  0.000,  0.000,  0.000, ]
 [ 0.000,  0.000,  0.000,  0.000,  0.000,  0.000, ]
 [ 0.000,  0.000,  0.000,  0.000,  0.000,  0.000, ]
]
Average speed = 22.5m/s
Seconds = 0.0668160915375
Minutes = 0.00111360152562
Distance = 1.50207996368m

Wed Jun  3 17:27:00 2020)
[ [ 0.000,  0.000,  0.000,  0.000,  0.000,  0.000, ]
 [ 0.000,  0.000,  0.000,  0.000,  0.000,  0.000, ]
 [ 0.000,  0.000,  0.000,  0.000,  0.000,  0.000, ]
 [ 0.000,  0.000,  0.000,  0.000,  0.000,  0.000, ]
 [ 0.000,  0.000,  0.000,  0.000,  0.000,  0.000, ]
 [ 0.000,  0.000,  0.000,  0.000,  0.000,  0.000, ]
]
Average speed = 22.5m/s
Seconds = 0.0251929759979
Minutes = 0.000419882933299
Distance = 0.565806627274m

Wed Jun  3 17:28:19 2020)
[ [ 0.000,  0.000,  0.000,  0.000,  0.000,  0.000, ]
 [ 0.000,  0.000,  0.000,  0.000,  0.000,  0.000, ]
 [ 0.000,  0.000,  0.000,  0.000,  0.000,  0.000, ]
 [ 0.000,  0.000,  0.000,  0.000,  0.000,  0.000, ]
 [ 0.000,  0.000,  0.000,  0.000,  0.000,  0.000, ]
 [ 0.000,  0.000,  0.000,  0.000,  0.000,  0.000, ]
]
Average speed = 22.5m/s
Seconds = 0.042690038681
Minutes = 0.000711500644684
Distance = 0.959517359734m

Wed Jun  3 17:29:09 2020)
[ [ 0.000,  0.000,  0.000,  0.000,  0.000,  0.000, ]
 [ 0.000,  0.000,  0.000,  0.000,  0.000,  0.000, ]
 [ 0.000,  0.000,  0.000,  0.000,  0.000,  0.000, ]
 [ 0.000,  0.000,  0.000,  0.000,  0.000,  0.000, ]
 [ 0.000,  0.000,  0.000,  0.000,  0.000,  0.000, ]
 [ 0.000,  0.000,  0.000,  0.000,  0.000,  0.000, ]
]
Average speed = 22.5m/s
Seconds = 0.0220420360565
Minutes = 0.000367367267609
Distance = 0.494728088379m

Wed Jun  3 17:29:47 2020)
[ [ 0.000,  0.000,  0.000,  0.000,  0.000,  0.000, ]
 [ 31.872,  11.906,  24.922,  38.857,  35.910,  37.144, ]
 [ 0.000,  0.000,  0.000,  0.000,  0.000,  0.000, ]
 [ 0.000,  0.000,  0.000,  0.000,  0.000,  0.000, ]
 [ 0.000,  0.000,  0.000,  0.000,  0.000,  0.000, ]
 [ 0.000,  0.000,  0.000,  0.000,  0.000,  0.000, ]
]
Average speed = 22.5m/s
Seconds = 0.0312020778656
Minutes = 0.000520034631093
Distance = 0.695207118988m

Wed Jun  3 17:33:34 2020)
[ [ 0.000,  0.000,  0.000,  0.000,  0.000,  0.000, ]
 [ 100.000,  100.000,  100.000,  100.000,  100.000,  100.000, ]
 [ 0.000,  0.000,  0.000,  0.000,  0.000,  0.000, ]
 [ 0.000,  0.000,  0.000,  0.000,  0.000,  0.000, ]
 [ 0.000,  0.000,  0.000,  0.000,  0.000,  0.000, ]
 [ 0.000,  0.000,  0.000,  0.000,  0.000,  0.000, ]
]
Average speed = 22.5m/s
Seconds = 6.19502997398
Minutes = 0.103250499566
Distance = 139.386758208m

Wed Jun  3 17:43:43 2020)
[ [ 0.000,  0.000,  0.000,  0.000,  0.000,  0.000, ]
 [ 100.000,  100.000,  100.000,  100.000,  100.000,  100.000, ]
 [ 0.000,  0.000,  0.000,  0.000,  0.000,  0.000, ]
 [ 0.000,  0.000,  0.000,  0.000,  0.000,  0.000, ]
 [ 0.000,  0.000,  0.000,  0.000,  0.000,  0.000, ]
 [ 0.000,  0.000,  0.000,  0.000,  0.000,  0.000, ]
]
Average speed = 22.5m/s
Seconds = 42.8911738396
Minutes = 0.714852897326
Distance = 965.046797991m

Wed Jun  3 17:44:46 2020)
[ [ 0.000,  0.000,  0.000,  0.000,  0.000,  0.000, ]
 [ 100.000,  100.000,  100.000,  100.000,  100.000,  100.000, ]
 [ 0.000,  0.000,  0.000,  0.000,  0.000,  0.000, ]
 [ 0.000,  0.000,  0.000,  0.000,  0.000,  0.000, ]
 [ 0.000,  0.000,  0.000,  0.000,  0.000,  0.000, ]
 [ 0.000,  0.000,  0.000,  0.000,  0.000,  0.000, ]
]
Average speed = 22.5m/s
Seconds = 9.2169649601
Minutes = 0.153616082668
Distance = 207.380161285m

Wed Jun  3 17:45:24 2020)
[ [ 0.000,  0.000,  0.000,  0.000,  0.000,  0.000, ]
 [ 100.000,  100.000,  100.000,  100.000,  100.000,  100.000, ]
 [ 0.000,  0.000,  0.000,  0.000,  0.000,  0.000, ]
 [ 0.000,  0.000,  0.000,  0.000,  0.000,  0.000, ]
 [ 0.000,  0.000,  0.000,  0.000,  0.000,  0.000, ]
 [ 0.000,  0.000,  0.000,  0.000,  0.000,  0.000, ]
]
Average speed = 22.5m/s
Seconds = 11.9020738602
Minutes = 0.198367897669
Distance = 267.795336843m

Wed Jun  3 17:47:27 2020)
[ [ 0.000,  0.000,  0.000,  0.000,  0.000,  0.000, ]
 [ 100.000,  100.000,  100.000,  100.000,  100.000,  100.000, ]
 [ 0.000,  0.000,  0.000,  0.000,  0.000,  0.000, ]
 [ 0.000,  0.000,  0.000,  0.000,  0.000,  0.000, ]
 [ 0.000,  0.000,  0.000,  0.000,  0.000,  0.000, ]
 [ 0.000,  0.000,  0.000,  0.000,  0.000,  0.000, ]
]
Average speed = 22.5m/s
Seconds = 35.9288330078
Minutes = 0.598813883464
Distance = 808.396559358m

Wed Jun  3 17:55:57 2020)
[ [ 0.000,  0.000,  0.000,  0.000,  0.000,  0.000, ]
 [ 100.000,  100.000,  100.000,  100.000,  100.000,  100.000, ]
 [ 0.000,  0.000,  0.000,  0.000,  0.000,  0.000, ]
 [ 0.000,  0.000,  0.000,  0.000,  0.000,  0.000, ]
 [ 0.000,  0.000,  0.000,  0.000,  0.000,  0.000, ]
 [ 0.000,  0.000,  0.000,  0.000,  0.000,  0.000, ]
]
Average speed = 22.5m/s
Seconds = 11.2547609806
Minutes = 0.187579349677
Distance = 253.230550289m

Thu Jun  4 08:16:55 2020)
[ [ 0.000,  0.000,  0.000,  0.000,  0.000,  0.000, ]
 [ 100.000,  100.000,  100.000,  100.000,  100.000,  100.000, ]
 [ 0.000,  0.000,  0.000,  0.000,  0.000,  0.000, ]
 [ 0.000,  0.000,  0.000,  0.000,  0.000,  0.000, ]
 [ 0.000,  0.000,  0.000,  0.000,  0.000,  0.000, ]
 [ 0.000,  0.000,  0.000,  0.000,  0.000,  0.000, ]
]
Average speed = 22.5m/s
Seconds = 10.6957998276
Minutes = 0.17826333046
Distance = 240.651853681m

Thu Jun  4 08:31:09 2020)
[ [ 0.000,  0.000,  0.000,  0.000,  0.000,  0.000,  0.000, ]
 [ 100.000,  100.000,  100.000,  100.000,  100.000,  100.000,  100.000, ]
 [ 0.000,  0.000,  0.000,  0.000,  0.000,  0.000,  0.000, ]
 [ 0.000,  0.000,  0.000,  0.000,  0.000,  0.000,  0.000, ]
 [ 0.000,  0.000,  0.000,  0.000,  0.000,  0.000,  0.000, ]
 [ 0.000,  0.000,  0.000,  0.000,  0.000,  0.000,  0.000, ]
]
Average speed = 22.5m/s
Seconds = 18.7820100784
Minutes = 0.313033501307
Distance = 422.588816285m

Thu Jun  4 08:31:29 2020)
[ [ 0.000,  0.000,  0.000,  0.000,  0.000,  0.000,  0.000, ]
 [ 100.000,  100.000,  100.000,  100.000,  100.000,  100.000,  100.000, ]
 [ 0.000,  0.000,  0.000,  0.000,  0.000,  0.000,  0.000, ]
 [ 0.000,  0.000,  0.000,  0.000,  0.000,  0.000,  0.000, ]
 [ 0.000,  0.000,  0.000,  0.000,  0.000,  0.000,  0.000, ]
 [ 0.000,  0.000,  0.000,  0.000,  0.000,  0.000,  0.000, ]
]
Average speed = 22.5m/s
Seconds = 6.56295013428
Minutes = 0.109382502238
Distance = 147.664012313m

Thu Jun  4 08:33:04 2020)
[ [ 0.000,  0.000,  0.000,  0.000,  0.000,  0.000,  0.000, ]
 [ 100.000,  100.000,  100.000,  100.000,  100.000,  100.000,  100.000, ]
 [ 0.000,  0.000,  0.000,  0.000,  0.000,  0.000,  0.000, ]
 [ 0.000,  0.000,  0.000,  0.000,  0.000,  0.000,  0.000, ]
 [ 0.000,  0.000,  0.000,  0.000,  0.000,  0.000,  0.000, ]
 [ 0.000,  0.000,  0.000,  0.000,  0.000,  0.000,  0.000, ]
]
Average speed = 22.5m/s
Seconds = 6.96632003784
Minutes = 0.116105333964
Distance = 156.740806103m

Thu Jun  4 08:33:29 2020)
[ [ 0.000,  0.000,  0.000,  0.000,  0.000,  0.000,  0.000, ]
 [ 100.000,  100.000,  100.000,  100.000,  100.000,  100.000,  100.000, ]
 [ 0.000,  0.000,  0.000,  0.000,  0.000,  0.000,  0.000, ]
 [ 0.000,  0.000,  0.000,  0.000,  0.000,  0.000,  0.000, ]
 [ 0.000,  0.000,  0.000,  0.000,  0.000,  0.000,  0.000, ]
 [ 0.000,  0.000,  0.000,  0.000,  0.000,  0.000,  0.000, ]
]
Average speed = 22.5m/s
Seconds = 13.3675160408
Minutes = 0.222791934013
Distance = 300.767780542m

Thu Jun  4 08:34:20 2020)
[ [ 0.000,  0.000,  0.000,  0.000,  0.000,  0.000,  0.000, ]
 [ 100.000,  100.000,  100.000,  100.000,  100.000,  100.000,  100.000, ]
 [ 0.000,  0.000,  0.000,  0.000,  0.000,  0.000,  0.000, ]
 [ 0.000,  0.000,  0.000,  0.000,  0.000,  0.000,  0.000, ]
 [ 0.000,  0.000,  0.000,  0.000,  0.000,  0.000,  0.000, ]
 [ 0.000,  0.000,  0.000,  0.000,  0.000,  0.000,  0.000, ]
]
Average speed = 22.5m/s
Seconds = 8.46396994591
Minutes = 0.141066165765
Distance = 190.435541868m

Thu Jun  4 08:35:17 2020)
[ [ 0.000,  0.000,  0.000,  0.000,  0.000,  0.000,  0.000, ]
 [ 100.000,  100.000,  100.000,  100.000,  100.000,  100.000,  100.000, ]
 [ 0.000,  0.000,  0.000,  0.000,  0.000,  0.000,  0.000, ]
 [ 0.000,  0.000,  0.000,  0.000,  0.000,  0.000,  0.000, ]
 [ 0.000,  0.000,  0.000,  0.000,  0.000,  0.000,  0.000, ]
 [ 0.000,  0.000,  0.000,  0.000,  0.000,  0.000,  0.000, ]
]
Average speed = 22.5m/s
Seconds = 2.20912313461
Minutes = 0.0368187189102
Distance = 49.7026580572m

Thu Jun  4 08:39:56 2020)
[ [ 0.000,  0.000,  0.000,  0.000,  0.000,  0.000,  0.000, ]
 [ 100.000,  100.000,  100.000,  100.000,  100.000,  100.000,  100.000, ]
 [ 0.000,  0.000,  0.000,  0.000,  0.000,  0.000,  0.000, ]
 [ 0.000,  0.000,  0.000,  0.000,  0.000,  0.000,  0.000, ]
 [ 0.000,  0.000,  0.000,  0.000,  0.000,  0.000,  0.000, ]
 [ 0.000,  0.000,  0.000,  0.000,  0.000,  0.000,  0.000, ]
]
Average speed = 22.5m/s
Seconds = 3.3931210041
Minutes = 0.0565520167351
Distance = 76.3433557749m

Thu Jun  4 08:42:40 2020)
[ [ 0.000,  0.000,  0.000,  0.000,  0.000,  0.000,  0.000, ]
 [ 100.000,  100.000,  100.000,  100.000,  100.000,  100.000,  100.000, ]
 [ 0.000,  0.000,  0.000,  0.000,  0.000,  0.000,  0.000, ]
 [ 0.000,  0.000,  0.000,  0.000,  0.000,  0.000,  0.000, ]
 [ 0.000,  0.000,  0.000,  0.000,  0.000,  0.000,  0.000, ]
 [ 0.000,  0.000,  0.000,  0.000,  0.000,  0.000,  0.000, ]
]
Average speed = 22.5m/s
Seconds = 5.36432600021
Minutes = 0.0894054333369
Distance = 120.695940256m

Thu Jun  4 08:43:25 2020)
[ [ 0.000,  0.000,  0.000,  0.000,  0.000,  0.000,  0.000, ]
 [ 100.000,  100.000,  100.000,  100.000,  100.000,  100.000,  100.000, ]
 [ 0.000,  0.000,  0.000,  0.000,  0.000,  0.000,  0.000, ]
 [ 0.000,  0.000,  0.000,  0.000,  0.000,  0.000,  0.000, ]
 [ 0.000,  0.000,  0.000,  0.000,  0.000,  0.000,  0.000, ]
 [ 0.000,  0.000,  0.000,  0.000,  0.000,  0.000,  0.000, ]
]
Average speed = 22.5m/s
Seconds = 2.13562989235
Minutes = 0.0355938315392
Distance = 48.0462491512m

Thu Jun  4 08:46:47 2020)
[ [ 0.000,  0.000,  0.000,  0.000,  0.000,  0.000,  0.000, ]
 [ 100.000,  100.000,  100.000,  100.000,  100.000,  100.000,  100.000, ]
 [ 0.000,  0.000,  0.000,  0.000,  0.000,  0.000,  0.000, ]
 [ 0.000,  0.000,  0.000,  0.000,  0.000,  0.000,  0.000, ]
 [ 0.000,  0.000,  0.000,  0.000,  0.000,  0.000,  0.000, ]
 [ 0.000,  0.000,  0.000,  0.000,  0.000,  0.000,  0.000, ]
]
Average speed = 22.5m/s
Seconds = 3.79324793816
Minutes = 0.0632207989693
Distance = 85.3467965126m

Thu Jun  4 08:48:04 2020)
[ [ 0.000,  0.000,  0.000,  0.000,  0.000,  0.000,  0.000, ]
 [ 100.000,  100.000,  100.000,  100.000,  100.000,  100.000,  100.000, ]
 [ 0.000,  0.000,  0.000,  0.000,  0.000,  0.000,  0.000, ]
 [ 0.000,  0.000,  0.000,  0.000,  0.000,  0.000,  0.000, ]
 [ 0.000,  0.000,  0.000,  0.000,  0.000,  0.000,  0.000, ]
 [ 0.000,  0.000,  0.000,  0.000,  0.000,  0.000,  0.000, ]
]
Average speed = 22.5m/s
Seconds = 4.77659606934
Minutes = 0.0796099344889
Distance = 107.470799088m

Thu Jun  4 08:48:52 2020)
[ [ 0.000,  0.000,  0.000,  0.000,  0.000,  0.000,  0.000, ]
 [ 100.000,  100.000,  100.000,  100.000,  100.000,  100.000,  100.000, ]
 [ 0.000,  0.000,  0.000,  0.000,  0.000,  0.000,  0.000, ]
 [ 0.000,  0.000,  0.000,  0.000,  0.000,  0.000,  0.000, ]
 [ 0.000,  0.000,  0.000,  0.000,  0.000,  0.000,  0.000, ]
 [ 0.000,  0.000,  0.000,  0.000,  0.000,  0.000,  0.000, ]
]
Average speed = 22.5m/s
Seconds = 4.76665997505
Minutes = 0.0794443329175
Distance = 107.248744369m

Thu Jun  4 08:49:25 2020)
[ [ 0.000,  0.000,  0.000,  0.000,  0.000,  0.000,  0.000, ]
 [ 100.000,  100.000,  100.000,  100.000,  100.000,  100.000,  100.000, ]
 [ 0.000,  0.000,  0.000,  0.000,  0.000,  0.000,  0.000, ]
 [ 0.000,  0.000,  0.000,  0.000,  0.000,  0.000,  0.000, ]
 [ 0.000,  0.000,  0.000,  0.000,  0.000,  0.000,  0.000, ]
 [ 0.000,  0.000,  0.000,  0.000,  0.000,  0.000,  0.000, ]
]
Average speed = 22.5m/s
Seconds = 3.84846711159
Minutes = 0.0641411185265
Distance = 86.5771204233m

Thu Jun  4 08:50:29 2020)
[ [ 0.000,  0.000,  0.000,  0.000,  0.000,  0.000,  0.000, ]
 [ 99.935,  99.954,  99.956,  99.950,  99.958,  99.951,  99.960, ]
 [ 0.000,  0.000,  0.000,  0.000,  0.000,  0.000,  0.000, ]
 [ 0.000,  0.000,  0.000,  0.000,  0.000,  0.000,  0.000, ]
 [ 0.000,  0.000,  0.000,  0.000,  0.000,  0.000,  0.000, ]
 [ 0.000,  0.000,  0.000,  0.000,  0.000,  0.000,  0.000, ]
]
Average speed = 22.5m/s
Seconds = 1.37691187859
Minutes = 0.0229485313098
Distance = 30.9785377979m

Thu Jun  4 08:51:02 2020)
[ [ 0.000,  0.000,  0.000,  0.000,  0.000,  0.000,  0.000, ]
 [ 100.000,  100.000,  100.000,  100.000,  100.000,  100.000,  100.000, ]
 [ 0.000,  0.000,  0.000,  0.000,  0.000,  0.000,  0.000, ]
 [ 0.000,  0.000,  0.000,  0.000,  0.000,  0.000,  0.000, ]
 [ 0.000,  0.000,  0.000,  0.000,  0.000,  0.000,  0.000, ]
 [ 0.000,  0.000,  0.000,  0.000,  0.000,  0.000,  0.000, ]
]
Average speed = 22.5m/s
Seconds = 2.54359292984
Minutes = 0.0423932154973
Distance = 57.2292208672m

Thu Jun  4 08:51:57 2020)
[ [ 0.000,  0.000,  0.000,  0.000,  0.000,  0.000,  0.000, ]
 [ 0.000,  0.000,  0.000,  0.000,  0.000,  0.000,  0.000, ]
 [ 0.000,  0.000,  0.000,  0.000,  0.000,  0.000,  0.000, ]
 [ 0.000,  0.000,  0.000,  0.000,  0.000,  0.000,  0.000, ]
 [ 0.000,  0.000,  0.000,  0.000,  0.000,  0.000,  0.000, ]
 [ 0.000,  0.000,  0.000,  0.000,  0.000,  0.000,  0.000, ]
]
Average speed = 22.5m/s
Seconds = 0.0585248470306
Minutes = 0.000975414117177
Distance = 1.31568789482m

Thu Jun  4 08:54:02 2020)
[ [ 0.000,  0.000,  0.000,  0.000,  0.000,  0.000,  0.000, ]
 [ 100.000,  100.000,  100.000,  100.000,  100.000,  100.000,  100.000, ]
 [ 0.000,  0.000,  0.000,  0.000,  0.000,  0.000,  0.000, ]
 [ 0.000,  0.000,  0.000,  0.000,  0.000,  0.000,  0.000, ]
 [ 0.000,  0.000,  0.000,  0.000,  0.000,  0.000,  0.000, ]
 [ 0.000,  0.000,  0.000,  0.000,  0.000,  0.000,  0.000, ]
]
Average speed = 22.5m/s
Seconds = 3.35620594025
Minutes = 0.0559367656708
Distance = 75.5131262541m

Thu Jun  4 08:54:39 2020)
[ [ 0.000,  0.000,  0.000,  0.000,  0.000,  0.000,  0.000, ]
 [ 100.000,  100.000,  100.000,  100.000,  100.000,  100.000,  100.000, ]
 [ 0.000,  0.000,  0.000,  0.000,  0.000,  0.000,  0.000, ]
 [ 0.000,  0.000,  0.000,  0.000,  0.000,  0.000,  0.000, ]
 [ 0.000,  0.000,  0.000,  0.000,  0.000,  0.000,  0.000, ]
 [ 0.000,  0.000,  0.000,  0.000,  0.000,  0.000,  0.000, ]
]
Average speed = 22.5m/s
Seconds = 4.76345992088
Minutes = 0.0793909986814
Distance = 107.176008224m

Thu Jun  4 09:00:58 2020)
[ [ 0.000,  0.000,  0.000,  0.000,  0.000,  0.000,  0.000, ]
 [ 0.000,  0.000,  0.000,  0.000,  0.000,  0.000,  0.000, ]
 [ 0.000,  0.000,  0.000,  0.000,  0.000,  0.000,  0.000, ]
 [ 0.000,  0.000,  0.000,  0.000,  0.000,  0.000,  0.000, ]
 [ 0.000,  0.000,  0.000,  0.000,  0.000,  0.000,  0.000, ]
 [ -275.762,  -297.998,  -297.463,  -304.468,  -298.734,  -303.823,  -269.628, ]
]
Average speed = 22.5m/s
Seconds = 8.43776893616
Minutes = 0.140629482269
Distance = 189.847730398m

Thu Jun  4 09:07:47 2020)
[ [ -79.814,  -80.078,  -79.809,  -79.201,  -79.682,  -79.145,  -79.817, ]
 [ 100.000,  100.000,  100.000,  100.000,  100.000,  100.000,  100.000, ]
 [ 1000.000,  1000.000,  1000.000,  1000.000,  1000.000,  1000.000,  1000.000, ]
 [ 100.000,  100.000,  100.000,  100.000,  100.000,  100.000,  100.000, ]
 [ -70.290,  -70.379,  -70.217,  -71.082,  -70.277,  -69.750,  -71.064, ]
 [ -150.653,  -159.556,  -125.632,  -152.423,  -124.124,  -150.653,  -124.477, ]
]
Average speed = 22.5m/s
Seconds = 29.3847811222
Minutes = 0.489746352037
Distance = 661.155230999m

Thu Jun  4 09:09:33 2020)
[ [ -93.289,  -93.069,  -93.277,  -93.069,  -93.056,  -93.303,  -93.309, ]
 [ 100.000,  100.000,  100.000,  100.000,  100.000,  100.000,  100.000, ]
 [ 1000.000,  1000.000,  1000.000,  1000.000,  1000.000,  1000.000,  1000.000, ]
 [ 100.000,  100.000,  100.000,  100.000,  100.000,  100.000,  100.000, ]
 [ -58.204,  -57.961,  -57.677,  -59.332,  -58.325,  -57.805,  -59.429, ]
 [ -135.727,  -132.945,  -129.641,  -95.219,  -124.111,  -129.948,  -124.111, ]
]
Average speed = 22.5m/s
Seconds = 36.9995279312
Minutes = 0.616658798854
Distance = 832.488187551m

Thu Jun  4 09:14:50 2020)
[ [ 19.999,  19.999,  19.999,  19.999,  19.999,  19.999,  19.999, ]
 [ 100.000,  100.000,  100.000,  100.000,  100.000,  100.000,  100.000, ]
 [ 200.000,  200.000,  200.000,  200.000,  200.000,  200.000,  200.000, ]
 [ 100.000,  100.000,  100.000,  100.000,  100.000,  100.000,  100.000, ]
 [ 19.996,  19.996,  19.979,  19.996,  19.996,  19.996,  19.996, ]
 [ -131.177,  -153.824,  -136.660,  -128.781,  -157.731,  -163.335,  -150.653, ]
]
Average speed = 22.5m/s
Seconds = 47.7185850143
Minutes = 0.795309750239
Distance = 1073.66622627m

Thu Jun  4 09:18:03 2020)
[ [ 0.000,  0.000,  0.000,  0.000,  0.000,  0.000,  0.000, ]
 [ 60.000,  60.000,  60.000,  60.000,  60.000,  60.000,  60.000, ]
 [ 0.000,  0.000,  0.000,  0.000,  0.000,  0.000,  0.000, ]
 [ 0.000,  0.000,  0.000,  0.000,  0.000,  0.000,  0.000, ]
 [ 0.000,  0.000,  0.000,  0.000,  0.000,  0.000,  0.000, ]
 [ 0.000,  0.000,  0.000,  0.000,  0.000,  0.000,  0.000, ]
]
Average speed = 22.5m/s
Seconds = 11.8181321621
Minutes = 0.196968869368
Distance = 265.906305313m

Thu Jun  4 09:20:20 2020)
[ [ 0.000,  3.914,  0.000,  0.000,  3.775,  3.727,  4.181, ]
 [ 0.000,  0.000,  0.000,  0.000,  0.000,  0.000,  0.000, ]
 [ 0.000,  0.000,  0.000,  0.000,  0.000,  0.000,  0.000, ]
 [ 0.000,  0.000,  0.000,  0.000,  0.000,  0.000,  0.000, ]
 [ 0.000,  0.000,  0.000,  0.000,  0.000,  0.000,  0.000, ]
 [ 0.000,  0.000,  0.000,  0.000,  0.000,  0.000,  0.000, ]
]
Average speed = 22.5m/s
Seconds = 0.0288770198822
Minutes = 0.000481283664703
Distance = 0.648402571678m

Thu Jun  4 09:22:25 2020)
[ [ 20.000,  20.000,  20.000,  20.000,  20.000,  20.000,  20.000, ]
 [ 60.000,  60.000,  60.000,  60.000,  60.000,  60.000,  60.000, ]
 [ 100.000,  100.000,  100.000,  100.000,  100.000,  100.000,  100.000, ]
 [ 0.000,  0.000,  0.000,  0.000,  0.000,  0.000,  0.000, ]
 [ 0.000,  0.000,  0.000,  0.000,  0.000,  0.000,  0.000, ]
 [ -140.976,  -130.258,  -141.403,  -97.278,  -133.381,  -136.984,  -141.682, ]
]
Average speed = 22.5m/s
Seconds = 35.6544158459
Minutes = 0.594240264098
Distance = 802.222130299m

Thu Jun  4 09:23:25 2020)
[ [ 20.000,  20.000,  20.000,  20.000,  20.000,  20.000,  20.000, ]
 [ 60.000,  60.000,  60.000,  60.000,  60.000,  60.000,  60.000, ]
 [ 100.000,  100.000,  100.000,  100.000,  100.000,  100.000,  100.000, ]
 [ 0.000,  0.000,  0.000,  0.000,  0.000,  0.000,  0.000, ]
 [ 0.000,  0.000,  0.000,  0.000,  0.000,  0.000,  0.000, ]
 [ -199.604,  -199.566,  -166.393,  -172.962,  -167.658,  -207.067,  -206.147, ]
]
Average speed = 22.5m/s
Seconds = 35.1828939915
Minutes = 0.586381566525
Distance = 791.613585949m

Thu Jun  4 10:40:31 2020)
[ [ 20.000,  20.000,  20.000,  20.000,  20.000,  20.000,  20.000, ]
 [ 60.000,  60.000,  60.000,  60.000,  60.000,  60.000,  60.000, ]
 [ 100.000,  100.000,  100.000,  100.000,  100.000,  100.000,  100.000, ]
 [ 60.000,  60.000,  60.000,  60.000,  60.000,  60.000,  60.000, ]
 [ 19.999,  19.991,  19.996,  19.999,  19.998,  19.999,  19.999, ]
 [ -337.531,  -363.090,  -343.742,  -338.904,  -337.129,  -347.946,  -343.007, ]
]
Average speed = 22.5m/s
Seconds = 78.5027859211
Minutes = 1.30837976535
Distance = 1766.30570948m

Thu Jun  4 10:42:07 2020)
[ [ 20.000,  20.000,  20.000,  20.000,  20.000,  20.000,  20.000, ]
 [ 20.000,  20.000,  20.000,  20.000,  20.000,  20.000,  20.000, ]
 [ 20.000,  20.000,  20.000,  20.000,  20.000,  20.000,  20.000, ]
 [ 20.000,  20.000,  20.000,  20.000,  20.000,  20.000,  20.000, ]
 [ 0.000,  0.000,  0.000,  0.000,  0.000,  0.000,  0.000, ]
 [ -186.383,  -186.326,  -186.340,  -187.966,  -153.005,  -152.737,  -192.767, ]
]
Average speed = 22.5m/s
Seconds = 80.9124720097
Minutes = 1.34854120016
Distance = 1820.52873194m

Thu Jun  4 10:58:42 2020)
[ [ 20.000,  19.000,  19.000,  9.000,  9.000,  9.000,  9.000, ]
 [ 95.000,  100.000,  95.000,  90.000,  90.000,  90.000,  90.000, ]
 [ 189.000,  189.000,  189.000,  200.000,  189.000,  189.000,  189.000, ]
 [ 0.000,  0.000,  0.000,  0.000,  0.000,  0.000,  0.000, ]
 [ 0.000,  0.000,  0.000,  0.000,  0.000,  0.000,  0.000, ]
 [ -392.705,  -410.205,  -407.067,  -412.664,  -412.648,  -407.670,  -399.147, ]
]
Average speed = 22.5m/s
Seconds = 85.5631418228
Minutes = 1.42605236371
Distance = 1925.16740799m

Thu Jun  4 11:10:04 2020)
[ [ 20.000,  19.000,  19.000,  9.000,  9.000,  9.000,  9.000, ]
 [ 95.000,  100.000,  95.000,  90.000,  90.000,  90.000,  90.000, ]
 [ 189.000,  189.000,  189.000,  200.000,  189.000,  189.000,  189.000, ]
 [ 90.000,  90.000,  90.000,  90.000,  95.000,  100.000,  95.000, ]
 [ 9.000,  9.000,  9.000,  9.000,  19.000,  19.000,  20.000, ]
 [ -133.487,  -159.430,  -158.316,  -161.664,  -131.349,  -172.174,  -134.203, ]
]
Average speed = 22.5m/s
Seconds = 106.017705917
Minutes = 1.76696176529
Distance = 2385.39692402m

Thu Jun  4 11:22:32 2020)
[ [ 0.000,  0.000,  0.000,  0.000,  0.000,  0.000,  0.000, ]
 [ 0.000,  0.000,  0.000,  0.000,  0.000,  0.000,  0.000, ]
 [ 184.989,  185.186,  185.004,  196.027,  185.222,  185.222,  185.171, ]
 [ 83.467,  83.576,  83.299,  83.021,  88.297,  93.241,  88.284, ]
 [ -7.444,  -7.558,  -7.223,  -7.564,  2.777,  2.290,  3.013, ]
 [ -230.508,  -242.784,  -203.417,  -235.802,  -240.280,  -206.640,  -241.508, ]
]
Average speed = 22.5m/s
Seconds = 6.00173616409
Minutes = 0.100028936068
Distance = 135.03723979m

Thu Jun  4 11:36:30 2020)
[ [ 20.000,  19.000,  19.000,  9.000,  9.000,  9.000,  9.000, ]
 [ 95.000,  100.000,  95.000,  90.000,  90.000,  90.000,  90.000, ]
 [ 189.000,  189.000,  189.000,  200.000,  189.000,  189.000,  189.000, ]
 [ 90.000,  90.000,  90.000,  90.000,  95.000,  100.000,  95.000, ]
 [ 9.000,  9.000,  9.000,  9.000,  19.000,  19.000,  20.000, ]
 [ -258.881,  -261.508,  -285.833,  -257.036,  -267.087,  -292.374,  -261.087, ]
]
Average speed = 22.5m/s
Seconds = 84.813655138
Minutes = 1.41356091897
Distance = 1908.30602288m

Thu Jun  4 11:53:18 2020)
[ [ 20.000,  19.000,  19.000,  9.000,  9.000,  9.000,  9.000, ]
 [ 95.000,  100.000,  95.000,  90.000,  90.000,  90.000,  90.000, ]
 [ 189.000,  189.000,  189.000,  200.000,  189.000,  189.000,  189.000, ]
 [ 90.000,  90.000,  90.000,  90.000,  95.000,  100.000,  95.000, ]
 [ 9.000,  9.000,  9.000,  9.000,  19.000,  19.000,  20.000, ]
 [ -296.024,  -282.023,  -285.678,  -262.965,  -264.888,  -299.433,  -297.186, ]
]
Average speed = 22.5m/s
Seconds = 82.0186069012
Minutes = 1.36697678169
Distance = 1845.41739464m

Thu Jun  4 12:00:37 2020)
[ [ 200.000,  190.000,  190.000,  180.000,  180.000,  180.000,  180.000, ]
 [ 190.000,  200.000,  190.000,  180.000,  180.000,  180.000,  180.000, ]
 [ 180.000,  180.000,  180.000,  200.000,  180.000,  180.000,  180.000, ]
 [ 180.000,  180.000,  180.000,  180.000,  190.000,  200.000,  190.000, ]
 [ 179.996,  179.998,  179.998,  179.998,  189.999,  189.999,  199.999, ]
 [ -251.214,  -250.439,  -256.117,  -278.610,  -257.618,  -248.892,  -249.868, ]
]
Average speed = 22.5m/s
Seconds = 85.8682699203
Minutes = 1.43113783201
Distance = 1932.03456581m

Thu Jun  4 12:05:49 2020)
[ [ 200.000,  189.985,  189.986,  179.984,  179.901,  179.614,  179.653, ]
 [ 190.000,  200.000,  190.000,  180.000,  180.000,  180.000,  180.000, ]
 [ 180.000,  180.000,  180.000,  200.000,  180.000,  180.000,  180.000, ]
 [ 180.000,  180.000,  180.000,  180.000,  190.000,  200.000,  190.000, ]
 [ 180.000,  180.000,  180.000,  180.000,  190.000,  190.000,  200.000, ]
 [ -400.178,  -391.778,  -397.072,  -415.504,  -396.562,  -388.776,  -401.293, ]
]
Average speed = 22.5m/s
Seconds = 298.547657013
Minutes = 4.97579428355
Distance = 6717.32117772m

Thu Jun  4 12:09:12 2020)
[ [ 148.003,  139.954,  137.629,  128.018,  130.067,  129.918,  129.209, ]
 [ 157.156,  165.431,  157.137,  147.148,  144.360,  146.600,  147.148, ]
 [ 179.978,  179.977,  179.974,  199.977,  179.975,  179.977,  179.977, ]
 [ 154.843,  157.018,  154.893,  156.266,  166.943,  177.017,  164.070, ]
 [ 71.609,  68.201,  71.774,  72.493,  76.347,  82.704,  87.065, ]
 [ -40.000,  0.000,  -40.000,  0.000,  0.000,  0.000,  0.000, ]
]
Average speed = 22.5m/s
Seconds = 2.08187413216
Minutes = 0.0346979022026
Distance = 46.840928793m

Thu Jun  4 12:12:25 2020)
[ [ 0.000,  0.000,  0.000,  0.000,  0.000,  0.000,  0.000, ]
 [ 189.954,  199.955,  189.949,  179.948,  179.954,  179.957,  179.953, ]
 [ 179.199,  179.259,  179.259,  199.224,  179.234,  179.131,  179.186, ]
 [ 0.000,  0.000,  0.000,  0.000,  0.000,  0.000,  0.000, ]
 [ 0.000,  0.000,  0.000,  0.000,  0.000,  0.000,  0.000, ]
 [ 0.000,  0.000,  0.000,  0.000,  0.000,  0.000,  0.000, ]
]
Average speed = 22.5m/s
Seconds = 1.61305093765
Minutes = 0.0268841822942
Distance = 36.2913286686m

Thu Jun  4 12:12:38 2020)
[ [ 0.000,  0.000,  0.000,  0.000,  0.000,  0.000,  0.000, ]
 [ 177.041,  187.022,  177.662,  167.661,  167.650,  167.131,  167.646, ]
 [ 179.864,  179.862,  179.866,  199.860,  179.867,  179.867,  179.867, ]
 [ 0.000,  0.000,  0.000,  0.000,  0.000,  0.000,  0.000, ]
 [ 0.000,  0.000,  0.000,  0.000,  0.000,  0.000,  0.000, ]
 [ 0.000,  0.000,  0.000,  0.000,  0.000,  0.000,  0.000, ]
]
Average speed = 22.5m/s
Seconds = 1.15219712257
Minutes = 0.0192032853762
Distance = 25.9230405092m

Thu Jun  4 12:12:48 2020)
[ [ 138.780,  129.100,  129.354,  119.273,  119.404,  119.101,  119.273, ]
 [ 179.092,  190.248,  180.407,  170.407,  170.339,  170.339,  170.299, ]
 [ 178.354,  178.580,  178.356,  198.568,  178.297,  178.627,  178.499, ]
 [ 0.000,  0.000,  0.000,  0.000,  0.000,  0.000,  0.000, ]
 [ 0.000,  0.000,  0.000,  0.000,  0.000,  0.000,  0.000, ]
 [ 0.000,  0.000,  -40.000,  -40.000,  0.000,  0.000,  0.000, ]
]
Average speed = 22.5m/s
Seconds = 1.21108102798
Minutes = 0.0201846837997
Distance = 27.2472041845m

Thu Jun  4 12:13:00 2020)
[ [ 0.000,  0.000,  0.000,  0.000,  0.000,  0.000,  0.000, ]
 [ 158.436,  168.141,  159.362,  21.703,  148.281,  147.839,  148.658, ]
 [ 179.980,  179.980,  179.981,  199.980,  179.981,  179.981,  179.980, ]
 [ 0.000,  0.000,  0.000,  0.000,  0.000,  0.000,  0.000, ]
 [ 0.000,  0.000,  0.000,  0.000,  0.000,  0.000,  0.000, ]
 [ 0.000,  0.000,  0.000,  0.000,  0.000,  -40.000,  0.000, ]
]
Average speed = 22.5m/s
Seconds = 1.51174592972
Minutes = 0.0251957654953
Distance = 34.009809494m

Thu Jun  4 12:13:54 2020)
[ [ 0.000,  0.000,  0.000,  0.000,  0.000,  0.000,  0.000, ]
 [ 0.000,  0.000,  0.000,  0.000,  0.000,  0.000,  0.000, ]
 [ 72.061,  68.690,  53.641,  87.065,  72.581,  31.173,  69.706, ]
 [ 179.565,  179.566,  179.563,  179.565,  189.563,  199.543,  189.566, ]
 [ 171.962,  173.009,  173.325,  172.787,  183.400,  183.184,  193.516, ]
 [ 0.000,  0.000,  0.000,  0.000,  0.000,  0.000,  0.000, ]
]
Average speed = 22.5m/s
Seconds = 1.25265598297
Minutes = 0.0208775997162
Distance = 28.1833916903m

Thu Jun  4 12:14:17 2020)
[ [ 0.000,  0.000,  0.000,  0.000,  0.000,  0.000,  0.000, ]
 [ 189.444,  199.463,  189.446,  179.484,  179.438,  179.480,  179.421, ]
 [ 144.353,  139.928,  138.772,  162.490,  144.176,  144.350,  144.341, ]
 [ 173.830,  174.302,  174.320,  174.486,  184.505,  194.264,  184.310, ]
 [ 131.503,  138.043,  137.875,  138.044,  148.041,  147.959,  155.836, ]
 [ 0.000,  0.000,  0.000,  0.000,  -40.000,  0.000,  -40.000, ]
]
Average speed = 22.5m/s
Seconds = 1.83513712883
Minutes = 0.0305856188138
Distance = 41.2872058153m

Thu Jun  4 12:15:00 2020)
[ [ 187.541,  177.819,  178.102,  168.136,  168.003,  166.504,  167.003, ]
 [ 189.944,  199.948,  189.941,  179.945,  179.942,  179.944,  179.943, ]
 [ 0.000,  0.000,  0.000,  0.000,  0.000,  0.000,  0.000, ]
 [ 0.000,  0.000,  0.000,  0.000,  0.000,  0.000,  0.000, ]
 [ 0.000,  0.000,  0.000,  0.000,  0.000,  0.000,  0.000, ]
 [ 0.000,  0.000,  -40.000,  0.000,  0.000,  0.000,  -40.000, ]
]
Average speed = 22.5m/s
Seconds = 1.49662089348
Minutes = 0.024943681558
Distance = 33.6712503433m

Thu Jun  4 12:16:30 2020)
[ [ 82.360,  77.617,  78.203,  68.204,  68.204,  68.200,  68.052, ]
 [ 154.363,  163.990,  155.415,  144.350,  144.065,  142.748,  144.061, ]
 [ 179.751,  179.766,  179.792,  199.806,  179.769,  179.812,  179.788, ]
 [ 0.000,  0.000,  0.000,  0.000,  0.000,  0.000,  0.000, ]
 [ 0.000,  0.000,  0.000,  0.000,  0.000,  0.000,  0.000, ]
 [ -48.000,  0.000,  0.000,  0.000,  0.000,  0.000,  0.000, ]
]
Average speed = 22.5m/s
Seconds = 1.22824215889
Minutes = 0.0204707026482
Distance = 27.6310819387m

Thu Jun  4 12:16:35 2020)
[ [ 153.996,  142.097,  135.350,  133.488,  129.663,  130.242,  129.263, ]
 [ 165.313,  177.017,  165.322,  155.322,  156.810,  156.867,  157.169, ]
 [ 179.764,  179.761,  179.772,  199.762,  179.761,  179.764,  179.770, ]
 [ 0.000,  0.000,  0.000,  0.000,  0.000,  0.000,  0.000, ]
 [ 0.000,  0.000,  0.000,  0.000,  0.000,  0.000,  0.000, ]
 [ 0.000,  0.000,  -40.000,  -40.000,  0.000,  0.000,  0.000, ]
]
Average speed = 22.5m/s
Seconds = 1.43806886673
Minutes = 0.0239678144455
Distance = 32.3489910364m

Thu Jun  4 12:20:42 2020)
[ [ 200.000,  190.000,  190.000,  180.000,  180.000,  180.000,  180.000, ]
 [ 190.000,  200.000,  190.000,  180.000,  180.000,  180.000,  180.000, ]
 [ 180.000,  180.000,  180.000,  200.000,  180.000,  180.000,  180.000, ]
 [ 180.000,  180.000,  180.000,  180.000,  190.000,  200.000,  190.000, ]
 [ 180.000,  180.000,  180.000,  180.000,  190.000,  190.000,  200.000, ]
 [ -470.887,  -480.408,  -489.623,  -479.519,  -480.676,  -482.571,  -470.393, ]
]
Average speed = 22.5m/s
Seconds = 184.7745471
Minutes = 3.079575785
Distance = 4157.42476702m

Thu Jun  4 12:51:34 2020)
[ [ 200.000,  190.000,  190.000,  180.000,  180.000,  180.000,  180.000, ]
 [ 190.000,  200.000,  190.000,  180.000,  180.000,  180.000,  180.000, ]
 [ 190.000,  200.000,  190.000,  180.000,  180.000,  180.000,  180.000, ]
 [ 180.000,  180.000,  180.000,  200.000,  180.000,  180.000,  180.000, ]
 [ 180.000,  180.000,  180.000,  180.000,  200.000,  190.000,  190.000, ]
 [ 180.000,  180.000,  180.000,  180.000,  190.000,  200.000,  190.000, ]
 [ 180.000,  180.000,  180.000,  180.000,  190.000,  190.000,  -246.439, ]
 [ -420.827,  -405.091,  -413.210,  -411.923,  -428.617,  -405.086,  -408.312, ]
]
Average speed = 22.5m/s
Seconds = 150.13919282
Minutes = 2.50231988033
Distance = 3378.12959075m

Thu Jun  4 12:58:37 2020)
[ [ 200.000,  190.000,  190.000,  180.000,  180.000,  180.000,  180.000, ]
 [ 190.000,  200.000,  190.000,  180.000,  180.000,  180.000,  180.000, ]
 [ 190.000,  200.000,  190.000,  180.000,  180.000,  180.000,  180.000, ]
 [ 180.000,  180.000,  180.000,  200.000,  180.000,  180.000,  180.000, ]
 [ 180.000,  180.000,  180.000,  180.000,  200.000,  190.000,  190.000, ]
 [ 180.000,  180.000,  180.000,  180.000,  190.000,  200.000,  190.000, ]
 [ 180.000,  180.000,  180.000,  180.000,  190.000,  190.000,  200.000, ]
 [ -466.136,  -486.898,  -485.311,  -483.228,  -483.223,  -488.953,  -484.220, ]
]
Average speed = 22.5m/s
Seconds = 161.089950085
Minutes = 2.68483250141
Distance = 3624.52137709m

Thu Jun  4 13:08:54 2020)
[ [ 200.000,  190.000,  190.000,  180.000,  180.000,  180.000,  180.000, ]
 [ 190.000,  200.000,  190.000,  180.000,  180.000,  180.000,  180.000, ]
 [ 190.000,  200.000,  190.000,  180.000,  180.000,  180.000,  180.000, ]
 [ 180.000,  180.000,  180.000,  200.000,  180.000,  180.000,  180.000, ]
 [ 180.000,  180.000,  180.000,  180.000,  200.000,  190.000,  190.000, ]
 [ 180.000,  180.000,  180.000,  180.000,  190.000,  200.000,  190.000, ]
 [ 180.000,  180.000,  180.000,  180.000,  190.000,  190.000,  200.000, ]
 [ -469.359,  -458.921,  -469.450,  -464.702,  -458.503,  -458.312,  -460.782, ]
]
Average speed = 22.5m/s
Seconds = 202.327995062
Minutes = 3.37213325103
Distance = 4552.37759292m

Thu Jun  4 14:27:31 2020)
[ [ 200.000,  190.000,  190.000,  180.000,  180.000,  180.000,  180.000, ]
 [ 190.000,  200.000,  190.000,  180.000,  180.000,  180.000,  180.000, ]
 [ 190.000,  200.000,  190.000,  180.000,  180.000,  180.000,  180.000, ]
 [ 180.000,  180.000,  180.000,  200.000,  180.000,  180.000,  180.000, ]
 [ 180.000,  180.000,  180.000,  180.000,  200.000,  190.000,  190.000, ]
 [ 180.000,  180.000,  180.000,  180.000,  190.000,  200.000,  190.000, ]
 [ 27.246,  86.667,  32.695,  150.368,  46.332,  32.802,  185.587, ]
 [ -533.002,  -542.600,  -548.102,  -540.946,  -548.674,  -529.933,  -530.905, ]
]
Average speed = 22.5m/s
Seconds = 396.93479085
Minutes = 6.61557984749
Distance = 8931.0309273m

Thu Jun  4 14:30:02 2020)
[ [ 0.000,  0.000,  0.000,  0.000,  0.000,  0.000,  0.000, ]
 [ 7.539,  15.680,  7.296,  -3.520,  -2.304,  -1.920,  -2.402, ]
 [ 189.998,  199.998,  189.998,  179.998,  179.998,  179.998,  179.998, ]
 [ 105.694,  105.699,  105.698,  121.789,  104.718,  105.699,  105.547, ]
 [ 176.600,  27.347,  176.761,  176.793,  196.626,  186.784,  186.788, ]
 [ 12.486,  104.212,  101.268,  104.949,  106.927,  121.789,  110.849, ]
 [ 95.983,  104.811,  104.817,  96.018,  114.924,  175.082,  121.789, ]
 [ 0.000,  0.000,  0.000,  0.000,  0.000,  0.000,  0.000, ]
]
Average speed = 22.5m/s
Seconds = 1.97108411789
Minutes = 0.0328514019648
Distance = 44.347525835m

Thu Jun  4 14:30:19 2020)
[ [ 199.742,  189.697,  189.723,  179.720,  179.747,  179.754,  179.718, ]
 [ 189.879,  199.876,  189.883,  179.883,  179.882,  179.882,  179.882, ]
 [ 189.992,  199.993,  189.992,  179.901,  179.993,  179.993,  179.993, ]
 [ 0.000,  0.000,  0.000,  0.000,  0.000,  0.000,  0.000, ]
 [ 0.000,  0.000,  0.000,  0.000,  0.000,  0.000,  0.000, ]
 [ 0.000,  0.000,  0.000,  0.000,  0.000,  0.000,  0.000, ]
 [ 0.000,  0.000,  0.000,  0.000,  0.000,  0.000,  0.000, ]
 [ 0.000,  -40.000,  -49.600,  0.000,  0.000,  -40.000,  -40.000, ]
]
Average speed = 22.5m/s
Seconds = 2.92257189751
Minutes = 0.0487095316251
Distance = 65.756585598m

Thu Jun  4 14:30:36 2020)
[ [ 111.600,  105.961,  105.187,  95.843,  96.020,  88.394,  95.153, ]
 [ 173.593,  182.730,  173.437,  162.909,  163.566,  163.593,  163.566, ]
 [ 189.816,  199.806,  189.809,  179.816,  179.813,  179.815,  179.815, ]
 [ 0.000,  0.000,  0.000,  0.000,  0.000,  0.000,  0.000, ]
 [ 0.000,  0.000,  0.000,  0.000,  0.000,  0.000,  0.000, ]
 [ 0.000,  0.000,  0.000,  0.000,  0.000,  0.000,  0.000, ]
 [ 0.000,  0.000,  0.000,  0.000,  0.000,  0.000,  0.000, ]
 [ 0.000,  0.000,  0.000,  0.000,  0.000,  0.000,  0.000, ]
]
Average speed = 22.5m/s
Seconds = 1.14225006104
Minutes = 0.0190375010173
Distance = 25.6941246986m

Thu Jun  4 14:30:50 2020)
[ [ 199.989,  189.990,  189.989,  179.989,  179.990,  179.989,  179.990, ]
 [ 129.404,  136.229,  129.100,  119.415,  119.101,  119.101,  119.100, ]
 [ 187.486,  197.663,  187.778,  177.738,  177.664,  177.737,  177.571, ]
 [ 0.000,  0.000,  0.000,  0.000,  0.000,  0.000,  0.000, ]
 [ 0.000,  0.000,  0.000,  0.000,  0.000,  0.000,  0.000, ]
 [ 0.000,  0.000,  0.000,  0.000,  0.000,  0.000,  0.000, ]
 [ 0.000,  0.000,  0.000,  0.000,  0.000,  0.000,  0.000, ]
 [ 0.000,  0.000,  0.000,  0.000,  0.000,  0.000,  0.000, ]
]
Average speed = 22.5m/s
Seconds = 1.611109972
Minutes = 0.0268518328667
Distance = 36.2483328581m

Thu Jun  4 14:31:04 2020)
[ [ 178.819,  168.968,  169.668,  159.031,  159.528,  159.031,  159.039, ]
 [ 147.677,  159.299,  149.008,  135.421,  137.694,  138.887,  137.691, ]
 [ 187.490,  197.465,  187.486,  177.491,  177.491,  177.490,  177.571, ]
 [ 0.000,  0.000,  0.000,  0.000,  0.000,  0.000,  0.000, ]
 [ 0.000,  0.000,  0.000,  0.000,  0.000,  0.000,  0.000, ]
 [ 0.000,  0.000,  0.000,  0.000,  0.000,  0.000,  0.000, ]
 [ 0.000,  0.000,  0.000,  0.000,  0.000,  0.000,  0.000, ]
 [ 0.000,  0.000,  0.000,  0.000,  0.000,  -40.000,  0.000, ]
]
Average speed = 22.5m/s
Seconds = 1.01264810562
Minutes = 0.016877468427
Distance = 22.7806663513m

Thu Jun  4 14:31:16 2020)
[ [ 0.000,  0.000,  0.000,  0.000,  0.000,  0.000,  0.000, ]
 [ 0.000,  0.000,  0.000,  0.000,  0.000,  0.000,  0.000, ]
 [ 189.820,  199.814,  189.822,  179.807,  179.821,  179.814,  179.820, ]
 [ 164.878,  24.971,  164.877,  184.084,  164.863,  164.877,  164.879, ]
 [ 95.956,  91.756,  92.076,  93.125,  111.600,  21.029,  98.111, ]
 [ 166.487,  164.043,  166.042,  166.062,  35.087,  185.918,  176.060, ]
 [ 162.553,  162.902,  162.748,  162.097,  172.725,  172.767,  182.010, ]
 [ 0.000,  0.000,  0.000,  -40.000,  -40.000,  0.000,  0.000, ]
]
Average speed = 22.5m/s
Seconds = 1.72623085976
Minutes = 0.0287705143293
Distance = 38.8384187222m

Thu Jun  4 14:31:35 2020)
[ [ 0.000,  0.000,  0.000,  0.000,  0.000,  0.000,  0.000, ]
 [ 102.522,  115.136,  106.002,  95.993,  96.006,  96.016,  94.234, ]
 [ 189.999,  199.999,  189.999,  179.999,  179.999,  179.999,  179.999, ]
 [ 96.014,  95.985,  92.375,  115.136,  95.990,  11.035,  94.957, ]
 [ 158.640,  159.349,  158.968,  158.678,  178.819,  166.785,  169.691, ]
 [ 0.000,  0.000,  0.000,  0.000,  0.000,  0.000,  0.000, ]
 [ 0.000,  0.000,  0.000,  0.000,  0.000,  0.000,  0.000, ]
 [ 0.000,  0.000,  0.000,  0.000,  0.000,  0.000,  0.000, ]
]
Average speed = 22.5m/s
Seconds = 1.39981293678
Minutes = 0.023330215613
Distance = 31.4943963289m

Thu Jun  4 14:31:44 2020)
[ [ 0.000,  0.000,  0.000,  0.000,  0.000,  0.000,  0.000, ]
 [ 0.000,  0.000,  0.000,  0.000,  0.000,  0.000,  0.000, ]
 [ 189.978,  199.978,  189.976,  179.978,  179.978,  179.977,  179.977, ]
 [ 98.687,  95.984,  163.657,  118.530,  98.672,  95.581,  95.575, ]
 [ 116.358,  123.693,  124.103,  123.481,  141.228,  132.607,  133.011, ]
 [ 0.000,  0.000,  0.000,  0.000,  0.000,  0.000,  0.000, ]
 [ 0.000,  0.000,  0.000,  0.000,  0.000,  0.000,  0.000, ]
 [ 0.000,  0.000,  0.000,  0.000,  0.000,  0.000,  0.000, ]
]
Average speed = 22.5m/s
Seconds = 1.03174495697
Minutes = 0.0171957492828
Distance = 23.2130008936m

Thu Jun  4 14:31:52 2020)
[ [ 0.000,  0.000,  0.000,  0.000,  0.000,  0.000,  0.000, ]
 [ 149.641,  169.415,  155.767,  149.479,  150.447,  150.446,  145.758, ]
 [ 189.976,  199.975,  189.976,  179.976,  179.976,  179.976,  179.974, ]
 [ 0.000,  0.000,  0.000,  0.000,  0.000,  0.000,  0.000, ]
 [ 0.000,  0.000,  0.000,  0.000,  0.000,  0.000,  0.000, ]
 [ 0.000,  0.000,  0.000,  0.000,  0.000,  0.000,  0.000, ]
 [ 0.000,  0.000,  0.000,  0.000,  0.000,  0.000,  0.000, ]
 [ 0.000,  0.000,  0.000,  0.000,  0.000,  0.000,  0.000, ]
]
Average speed = 22.5m/s
Seconds = 0.955749034882
Minutes = 0.0159291505814
Distance = 21.5032911301m

Thu Jun  4 14:32:12 2020)
[ [ 0.000,  0.000,  0.000,  0.000,  0.000,  0.000,  0.000, ]
 [ 0.000,  0.000,  0.000,  0.000,  0.000,  0.000,  0.000, ]
 [ 190.000,  200.000,  190.000,  180.000,  180.000,  180.000,  180.000, ]
 [ 0.000,  0.000,  0.000,  0.000,  0.000,  0.000,  0.000, ]
 [ 177.010,  177.021,  177.021,  176.923,  196.890,  186.923,  186.918, ]
 [ 0.000,  0.000,  0.000,  0.000,  0.000,  0.000,  0.000, ]
 [ 0.000,  0.000,  0.000,  0.000,  0.000,  0.000,  0.000, ]
 [ 0.000,  0.000,  0.000,  0.000,  0.000,  0.000,  0.000, ]
]
Average speed = 22.5m/s
Seconds = 1.55733418465
Minutes = 0.0259555697441
Distance = 35.038484931m

Thu Jun  4 14:32:22 2020)
[ [ 0.000,  0.000,  0.000,  0.000,  0.000,  0.000,  0.000, ]
 [ 0.000,  0.000,  0.000,  0.000,  0.000,  0.000,  0.000, ]
 [ 143.607,  153.996,  144.447,  135.040,  136.296,  136.288,  136.294, ]
 [ 0.000,  0.000,  0.000,  0.000,  0.000,  0.000,  0.000, ]
 [ 168.923,  169.196,  169.560,  167.613,  162.928,  179.510,  179.380, ]
 [ 167.128,  165.927,  167.078,  166.502,  176.938,  186.481,  175.423, ]
 [ 88.625,  88.716,  88.602,  87.890,  98.689,  19.773,  104.079, ]
 [ 0.000,  0.000,  0.000,  0.000,  0.000,  -40.000,  -40.000, ]
]
Average speed = 22.5m/s
Seconds = 1.05208396912
Minutes = 0.0175347328186
Distance = 23.6706984043m

Thu Jun  4 14:32:30 2020)
[ [ 0.000,  0.000,  0.000,  0.000,  0.000,  0.000,  0.000, ]
 [ 0.000,  0.000,  0.000,  0.000,  0.000,  0.000,  0.000, ]
 [ 189.528,  199.505,  189.507,  179.508,  179.466,  179.468,  179.529, ]
 [ 164.828,  163.593,  164.104,  185.918,  164.723,  164.118,  163.244, ]
 [ 174.530,  174.548,  174.714,  174.544,  194.493,  184.494,  183.838, ]
 [ 156.027,  156.219,  156.303,  156.183,  163.057,  175.062,  166.138, ]
 [ 97.278,  98.251,  99.154,  11.790,  103.447,  109.345,  115.136, ]
 [ -40.000,  0.000,  0.000,  0.000,  -40.000,  -40.000,  0.000, ]
]
Average speed = 22.5m/s
Seconds = 1.69031405449
Minutes = 0.0281719009082
Distance = 38.0308967829m

Thu Jun  4 14:32:41 2020)
[ [ 0.000,  0.000,  0.000,  0.000,  0.000,  0.000,  0.000, ]
 [ 58.286,  61.493,  56.166,  41.191,  48.408,  48.325,  48.152, ]
 [ 187.801,  197.778,  187.801,  177.708,  177.782,  177.789,  177.801, ]
 [ 0.000,  0.000,  0.000,  0.000,  0.000,  0.000,  0.000, ]
 [ 95.857,  95.854,  91.615,  11.139,  111.600,  106.007,  105.305, ]
 [ 36.962,  29.159,  10.432,  30.911,  41.243,  49.711,  26.998, ]
 [ 39.806,  53.406,  42.841,  40.541,  11.445,  58.181,  67.033, ]
 [ 0.000,  0.000,  -40.000,  0.000,  0.000,  0.000,  0.000, ]
]
Average speed = 22.5m/s
Seconds = 1.72611117363
Minutes = 0.0287685195605
Distance = 38.8342612982m

Thu Jun  4 14:32:50 2020)
[ [ 0.000,  0.000,  0.000,  0.000,  0.000,  0.000,  0.000, ]
 [ 130.821,  141.228,  131.791,  121.250,  123.676,  121.815,  123.483, ]
 [ 189.940,  199.938,  189.936,  179.938,  179.940,  27.986,  179.935, ]
 [ 0.000,  0.000,  0.000,  0.000,  0.000,  0.000,  0.000, ]
 [ 0.000,  0.000,  0.000,  0.000,  0.000,  0.000,  0.000, ]
 [ 0.000,  0.000,  0.000,  0.000,  0.000,  0.000,  0.000, ]
 [ 0.000,  0.000,  0.000,  0.000,  0.000,  0.000,  0.000, ]
 [ 0.000,  0.000,  0.000,  0.000,  0.000,  0.000,  0.000, ]
]
Average speed = 22.5m/s
Seconds = 1.03688001633
Minutes = 0.0172813336054
Distance = 23.3276170492m

Thu Jun  4 14:32:59 2020)
[ [ 0.000,  0.000,  0.000,  0.000,  0.000,  0.000,  0.000, ]
 [ 0.000,  0.000,  0.000,  0.000,  0.000,  0.000,  0.000, ]
 [ 125.874,  133.572,  126.326,  113.788,  113.356,  114.140,  114.241, ]
 [ 0.000,  0.000,  0.000,  0.000,  0.000,  0.000,  0.000, ]
 [ 0.000,  0.000,  0.000,  0.000,  0.000,  0.000,  0.000, ]
 [ 0.000,  0.000,  0.000,  0.000,  0.000,  0.000,  0.000, ]
 [ 0.000,  0.000,  0.000,  0.000,  0.000,  0.000,  0.000, ]
 [ -40.000,  -49.600,  -40.000,  -49.984,  0.000,  -49.600,  -40.000, ]
]
Average speed = 22.5m/s
Seconds = 1.11637496948
Minutes = 0.0186062494914
Distance = 25.1174229383m

Thu Jun  4 14:33:10 2020)
[ [ 0.000,  0.000,  0.000,  0.000,  0.000,  0.000,  0.000, ]
 [ 0.000,  0.000,  0.000,  0.000,  0.000,  0.000,  0.000, ]
 [ 0.000,  0.000,  0.000,  0.000,  0.000,  0.000,  0.000, ]
 [ 0.000,  0.000,  0.000,  0.000,  0.000,  0.000,  0.000, ]
 [ 0.000,  0.000,  0.000,  0.000,  0.000,  0.000,  0.000, ]
 [ 0.000,  0.000,  0.000,  0.000,  0.000,  0.000,  0.000, ]
 [ 0.000,  0.000,  0.000,  0.000,  0.000,  0.000,  0.000, ]
 [ -78.400,  -49.920,  -40.000,  -80.000,  -48.000,  -40.000,  -49.600, ]
]
Average speed = 22.5m/s
Seconds = 1.11376309395
Minutes = 0.0185627182325
Distance = 25.0572127104m

Thu Jun  4 14:33:23 2020)
[ [ 0.000,  0.000,  0.000,  0.000,  0.000,  0.000,  0.000, ]
 [ 165.831,  175.062,  163.771,  174.701,  156.226,  155.844,  153.216, ]
 [ 189.961,  199.961,  189.958,  179.959,  179.961,  179.960,  179.956, ]
 [ 0.000,  0.000,  0.000,  0.000,  0.000,  0.000,  0.000, ]
 [ 0.000,  0.000,  0.000,  0.000,  0.000,  0.000,  0.000, ]
 [ 0.000,  0.000,  0.000,  0.000,  0.000,  0.000,  0.000, ]
 [ 0.000,  0.000,  0.000,  0.000,  0.000,  0.000,  0.000, ]
 [ 0.000,  0.000,  -40.000,  -40.000,  0.000,  0.000,  0.000, ]
]
Average speed = 22.5m/s
Seconds = 1.18842601776
Minutes = 0.019807100296
Distance = 26.7380994558m

Thu Jun  4 14:33:40 2020)
[ [ 0.000,  0.000,  0.000,  0.000,  0.000,  0.000,  0.000, ]
 [ 159.679,  170.639,  157.030,  151.632,  150.697,  150.394,  149.710, ]
 [ 189.580,  199.562,  189.532,  179.467,  179.563,  179.560,  179.577, ]
 [ 0.000,  0.000,  0.000,  0.000,  0.000,  0.000,  0.000, ]
 [ 0.000,  0.000,  0.000,  0.000,  0.000,  0.000,  0.000, ]
 [ 0.000,  0.000,  0.000,  0.000,  0.000,  0.000,  0.000, ]
 [ 0.000,  0.000,  0.000,  0.000,  0.000,  0.000,  0.000, ]
 [ 0.000,  0.000,  0.000,  0.000,  0.000,  0.000,  0.000, ]
]
Average speed = 22.5m/s
Seconds = 0.823548078537
Minutes = 0.0137258013089
Distance = 18.5284370184m

Thu Jun  4 14:41:45 2020)
[ [ 200.000,  188.856,  189.782,  178.900,  178.976,  179.588,  179.737, ]
 [ 190.000,  200.000,  190.000,  180.000,  180.000,  180.000,  180.000, ]
 [ 190.000,  200.000,  190.000,  180.000,  180.000,  180.000,  180.000, ]
 [ -167.186,  18.115,  -166.644,  78.359,  -135.692,  -167.186,  -166.478, ]
 [ 178.808,  178.547,  179.921,  179.268,  -78.022,  189.991,  189.563, ]
 [ -3.343,  -3.446,  -8.204,  -9.102,  0.236,  -64.143,  -410.176, ]
 [ 172.401,  175.258,  179.876,  172.397,  166.215,  189.934,  200.000, ]
 [ -554.516,  -551.056,  -548.201,  -539.770,  -556.281,  -547.618,  -548.281, ]
]
Average speed = 22.5m/s
Seconds = 448.297870874
Minutes = 7.47163118124
Distance = 10086.6842312m

Thu Jun  4 14:54:31 2020)
[ [ 199.994,  189.994,  189.993,  179.994,  179.992,  179.994,  179.995, ]
 [ 189.989,  199.990,  189.989,  179.989,  179.990,  179.982,  179.988, ]
 [ 190.000,  200.000,  190.000,  180.000,  180.000,  180.000,  180.000, ]
 [ 177.355,  178.177,  177.667,  198.244,  177.988,  177.625,  178.055, ]
 [ 179.992,  179.993,  179.993,  179.993,  199.993,  189.990,  189.993, ]
 [ 140.637,  142.290,  144.064,  143.574,  151.877,  162.490,  144.508, ]
 [ 47.092,  75.335,  71.862,  102.408,  85.371,  84.120,  124.917, ]
 [ -118.701,  -117.181,  -87.616,  -87.695,  -118.640,  -96.371,  -87.616, ]
]
Average speed = 22.5m/s
Seconds = 32.6058108807
Minutes = 0.543430181344
Distance = 733.629441261m

Thu Jun  4 14:57:38 2020)
[ [ 200.000,  190.000,  190.000,  180.000,  180.000,  180.000,  180.000, ]
 [ 190.000,  200.000,  190.000,  180.000,  180.000,  180.000,  180.000, ]
 [ 190.000,  200.000,  190.000,  180.000,  180.000,  180.000,  180.000, ]
 [ 180.000,  180.000,  180.000,  200.000,  180.000,  180.000,  180.000, ]
 [ 180.000,  180.000,  180.000,  180.000,  200.000,  190.000,  190.000, ]
 [ 180.000,  180.000,  180.000,  180.000,  190.000,  200.000,  190.000, ]
 [ 180.000,  180.000,  180.000,  180.000,  190.000,  190.000,  -340.595, ]
 [ -532.584,  -529.708,  -529.772,  -530.508,  -532.332,  -548.066,  -530.857, ]
]
Average speed = 22.5m/s
Seconds = 164.948359966
Minutes = 2.74913933277
Distance = 3711.3353312m

Thu Jun  4 15:02:45 2020)
[ [ 0.000,  0.000,  0.000,  0.000,  0.000,  0.000,  0.000, ]
 [ 186.921,  196.761,  186.917,  176.921,  176.891,  -32.200,  176.923, ]
 [ 190.000,  200.000,  190.000,  180.000,  180.000,  180.000,  180.000, ]
 [ 180.000,  180.000,  180.000,  200.000,  180.000,  180.000,  180.000, ]
 [ 180.000,  180.000,  180.000,  180.000,  200.000,  190.000,  190.000, ]
 [ 180.000,  180.000,  180.000,  180.000,  190.000,  200.000,  190.000, ]
 [ -8.000,  -9.997,  -9.997,  -9.984,  0.000,  0.000,  0.000, ]
 [ -852.620,  -850.430,  -849.239,  -852.022,  -847.568,  -848.274,  -852.505, ]
]
Average speed = 22.5m/s
Seconds = 175.713895082
Minutes = 2.92856491804
Distance = 3953.56068134m